table_vert_2
1
gi tablev2
23.110255 26.899969 -100.000000 6358.000000 1000 1000 3090 0 0 0 1 0 0 
0

table_vert_1
1
gi tablev1
23.110255 20.500000 -100.000000 6358.000000 1000 1000 3090 0 0 0 1 0 0 
0

table_slide
1
gi tabletwotheta
948.077859 1100.000000 550.000000 82.200000 800 500 300 0 0 0 1 0 0 
0

table_slide_z
2
self table_slide_z
2970.000000 100.000000 -100.000000 0 0 0 0 
0
0


table_vert
2
self table_vert
23.110255 1000.000000 -20.000000 1 1 0 0 
0
0


table_pitch
2
self table_pitch
0.000000 0.200000 -0.200000 0 0 0 0 
0
0


table_yaw
2
self table_yaw
0.000000 0.204000 -0.200000 0 0 0 0 
0
0


table_h2_z
2
self table_h2_z
760.000000 2000.000000 -2000.000000 0 0 0 0 
0
0


table_v1_z
2
self table_v1_z
-550.930000 2000.000000 -2000.000000 0 0 0 0 
0
0


table_v2_z
2
self table_v2_z
1065.900000 2000.000000 -2000.000000 0 0 0 0 
0
0


table_pivot_z
2
self standardVirtualMotor
-482.000000 2000.000000 -2000.000000 0 0 0 0 
0
0


table_horz
2
self table_horz
-0.020186 2000.000000 -2000.000000 1 1 0 0 
0
0


table_horz_1
1
gi tableh
-0.020186 100.000000 -100.000000 1288.000000 1000 300 1200 1 1 0 1 1 0 
0

table_horz_2
1
gi tableh2
0.000000 100.000000 -1.500000 3960.000000 1800 300 -3960 0 1 0 1 0 0 
0

table_2theta
2
self table_2theta
17.704558 28.000000 15.000000 1 1 0 0 
0
0


camera_pan
1
gi camerayaw
0.000000 100.000000 -100.000000 10.000000 1000 100 -10 1 1 0 1 0 0 
0

camera_tilt
1
gi camerapitch
0.000000 100.000000 -100.000000 10.000000 1000 100 -10 1 1 0 1 0 0 
0

beamstop_ver
1
gi beamstopv
0.200000 2.500000 -2.500000 1000.000000 1000 100 250 1 1 0 1 0 0 
0

beamstop_hor
1
gi beamstoph
0.900000 4.000000 -4.000000 1640.000000 1000 100 -1640 1 1 0 1 0 0 
0

beamstop_z
1
gi beamstopz
53.952000 55.008000 22.000000 62.500000 500 100 30 1 1 0 0 1 0 
0

mirror_vert
1
gi m0ver
1.766205 4.499034 -4.499034 1263.160000 1000 100 -500 1 1 0 1 0 0 
0

mirror_slit_upper
1
gi m0topslit
1.566270 4.596940 -4.596940 157.061000 1000 100 50 1 1 0 1 0 0 
0

mirror_slit_lower
1
gi m0botslit
1.250953 5.499111 -2.749555 157.480000 1000 100 -50 1 1 0 1 0 0 
0

mirror_pitch
1
gi m0pitch
4.316646 4.350123 -0.039005 3256.000000 1000 100 505 1 1 0 1 0 0 
0

mirror_bend
1
gi m0bend
24.000123 26.019896 3.000055 3124.609000 1000 100 997 1 1 0 1 1 0 
0

mirror_vert_chin
2
self mirror_vert_chin_bl11
1.766205 3.700000 -0.100000 0 0 0 0 
0
0


mirror_chin_gap
2
self mirror_chin_gap_bl11
-0.199935 0.400000 -0.100000 0 1 0 0 
0
0


mono_slit
1
gi monospearslit
7.999088 20.000887 -15.998176 157.893000 1000 100 -75 1 1 0 1 0 0 
0

mono_bend
1
gi monobend
49950.000000 75000.000000 -1050.000000 1.000000 1000 100 1000 1 1 0 1 1 0 
0

mono_filter
1
gi filter
0.000000 100.000000 -100.000000 10.000000 1000 100 -10 1 1 0 1 0 0 
0

mono_angle
1
gi monoangle
13.199250 16.500000 6.000000 8000.000000 1000 100 -2000 1 1 0 1 1 0 
0

mono_theta
2
self mono_theta
8.852250 90.000000 -10.000000 0 0 0 0 
0
0


d_spacing
2
self standardVirtualMotor
3.135600 90.000000 -10.000000 0 0 0 0 
0
0


asymmetric_cut
2
self standardVirtualMotor
4.347000 90.000000 -10.000000 0 0 1 0 
0
0


energy
2
self energy_bl11
12847.745619 17000.000000 12000.000000 0 0 0 0 
0
0

optimized_energy
2
self optimized_energy_bl92
12000.127117 16000.000000 6000.000000 0 0 0 0 
0
0

gonio_omega
1
galil gonio_omega
-90.000000 5.000000 -185.000000 12500.000000 40000 500 -12500 1 1 1 0 1 0 
0

gonio_kappa
1
galil gonio_kappa
0.000000 45.000000 0.000000 200.000000 400 100 0 1 1 0 0 1 0 
0

gonio_phi
1
galil gonio_phi
15.000000 1000.000000 -1000.000000 2500.000000 70000 100 625 0 0 0 0 1 1 
0

slit_1_upper
1
galil slit1upper
0.025000 10.000000 -0.100000 1600.000000 200 100 -160 0 0 0 1 0 0 
0

slit_1_lower
1
galil slit1lower
-0.025000 0.100000 -10.000000 1600.000000 200 100 160 0 0 0 1 1 0 
0

slit_1_spear
1
galil slit1spear
-0.100000 0.100000 -10.000000 1600.000000 200 100 160 0 0 0 1 1 0 
0

slit_1_ssrl
1
galil slit1ssrl
0.100000 10.000000 -0.100000 1600.000000 200 100 -160 0 0 0 1 0 0 
0

slit_2_upper
1
galil slit2upper
0.025000 18.000000 -0.100000 1600.000000 200 100 -160 0 0 0 1 0 0 
0

slit_2_lower
1
galil slit2lower
-0.025000 0.100000 -10.000000 1600.000000 200 100 160 0 0 0 1 1 0 
0

slit_2_spear
1
galil slit2spear
-0.100000 0.100000 -8.000000 1600.000000 200 100 160 0 0 0 1 1 0 
0

slit_2_ssrl
1
galil slit2ssrl
0.100000 8.000000 -0.100000 1600.000000 200 100 -160 0 0 0 1 0 0 
0

slit_1_vert_gap
2
self slit_1_vert_gap
0.050000 10.000000 0.050000 0 0 0 0 
0
0


slit_1_vert
2
self slit_1_vert
0.000000 5.000000 0.000000 0 0 0 0 
0
0


slit_1_horiz_gap
2
self slit_1_horiz_gap
0.200000 10.000000 0.000000 0 0 0 0 
0
0


slit_1_horiz
2
self slit_1_horiz
0.000000 5.000000 -5.000000 0 0 0 0 
0
0


slit_2_vert_gap
2
self slit_2_vert_gap
0.050000 30.000000 -30.000000 0 0 0 0 
0
0


slit_2_vert
2
self slit_2_vert
0.000000 30.000000 -30.000000 0 0 0 0 
0
0


slit_2_horiz_gap
2
self slit_2_horiz_gap
0.200000 10.000000 -1.000000 0 0 0 0 
0
0


slit_2_horiz
2
self slit_2_horiz
0.000000 5.000000 -5.000000 0 0 0 0 
0
0


beam_size_x
2
self beam_size_x
0.200000 20.000000 0.050000 0 0 0 0 
0
0


beam_size_y
2
self beam_size_y
0.050000 10.000000 0.050000 0 0 0 0 
0
0


i0
4
gi hex1 0 rtc1 clock

i1
4
gi hex1 1 rtc1 clock

i2
4
gi hex1 2 rtc1 clock

i_sample
4
gi hex1 3 rtc1 clock

i_beamstop
4
gi hex1 4 rtc1 clock

i5
4
gi hex1 5 rtc1 clock

gi
3
bl110.slac.stanford.edu

spare_1
1
gi spare1
0.000000 9.999980 -10.999470 787.401600 1000 100 500 1 1 0 1 0 0 
0

spare_2
1
gi spare2
0.000000 10.999470 -10.999470 787.401600 1000 100 500 1 1 0 1 0 0 
0

guard_shield_vert
1
galil guard_shield_vert
1.395775 2.000000 -0.200000 5181.350000 400 190 518 1 1 0 1 1 0 
0

guard_shield_horiz
1
galil guard_shield_horiz
0.116917 2.400000 -1.000000 13753.350000 800 190 1375 0 0 0 0 1 0 
0

sample_x
1
galil sample_x
0.000000 4.500000 -4.500000 17500.000000 17560 100 875 0 0 0 0 0 0 
0

sample_y
1
galil sample_y
0.000000 4.500000 -4.500000 17500.000000 17560 100 875 0 0 0 0 0 0 
0

sample_z
1
galil sample_z
0.000000 10.000000 -10.000000 17500.000000 10000 100 875 0 0 0 0 0 0 
0

camera_zoom
1
galil camera_zoom
0.962604 1.001000 -0.001000 7220.000000 16000 50 361 1 1 0 0 0 0 
0

detector_horz
1
galil detector_x
0.000000 1.000000 -140.000000 1574.803200 4000 1000 1575 1 1 0 1 1 0 
0

detector_vert
1
galil detector_y
0.000000 160.000000 -5.000000 1640.500000 4000 300 1641 1 1 0 1 0 0 
0

detector_pitch
1
galil detector_pitch
0.000000 101.000000 -5.000000 6562.000000 4000 800 6562 1 1 0 1 0 0 
0

detector_z
1
galil detector_z
600.000000 800.000000 240.000000 78.800000 250 350 -236 0 0 0 1 1 0 
0

gonio_z
1
galil gonioz
0.000000 921.000000 -1.100000 78.800000 1000 300 79 1 1 0 1 1 0 
0

shutter
6
galil 0

Al_8
6
galil  0

Al_16
6
galil  0

Al_32
6
galil  0

Al_64
6
galil  0



HA
6
galil 0

Se
6
galil 0

Sr
6
galil 0

Cu
6
galil 0

galil
3
bl111.slac.stanford.edu

simDhs
3
bl11a.slac.stanford.edu

detector
10
detector

self
3
bl111.slac.stanford.edu

dummy
3
null.slac.stanford.edu

runs
9
4 4 0 0

run0
8
0 lys2 /data/scottm/lys_1sec 90.000000 4 1 4 1.000000 10.000000 400.000000 0 2 2 180.000000 0 1 E1 E2 E3 E4 E5 1 12847.750000 0.000000 0.000000 0.000000 0.000000

run1
8
1 lys2 /data/scottm/lys2 0.000000 1 16 15 1.000000 1.000000 400.000000 0 2 3 180.000000 0 1 E1 E2 E3 E4 E5 1 12847.750000 0.000000 0.000000 0.000000 0.000000

run2
8
2 lys2 /data/scottm/lys2 0.000000 1 16 15 1.000000 1.000000 350.000000 0 2 3 180.000000 0 1 E1 E2 E3 E4 E5 1 12847.750000 0.000000 0.000000 0.000000 0.000000

run3
8
3 lys2 /data/scottm/lys2 0.000000 1 16 15 1.000000 1.000000 350.000000 0 2 3 180.000000 0 1 E1 E2 E3 E4 E5 1 12847.750000 0.000000 0.000000 0.000000 0.000000

run4
8
4 lys2 /data/scottm/lys2 0.000000 1 16 15 1.000000 0.500000 350.000000 0 2 3 180.000000 0 1 E1 E2 E3 E4 E5 1 12847.750000 0.000000 0.000000 0.000000 0.000000

run5
8
12 lys1 /data/scottm/lys12 -75.000000 1 17 15 1.000000 1.000000 400.000000 1 2 3 180.000000 0 1 E1 E2 E3 E4 E5 1 12847.750000 0.000000 0.000000 0.000000 0.000000

run6
8
12 lys1 /data/scottm/lys12 -75.000000 1 18 15 1.000000 1.000000 400.000000 1 2 3 180.000000 0 1 E1 E2 E3 E4 E5 1 12847.750000 0.000000 0.000000 0.000000 0.000000

run7
8
12 lys1 /data/scottm/lys12 -75.000000 1 39 15 1.000000 1.000000 400.000000 1 2 3 180.000000 0 1 E1 E2 E3 E4 E5 1 12847.750000 0.000000 0.000000 0.000000 0.000000

run8
8
12 lys1 /data/scottm/lys12 -75.000000 1 61 15 1.000000 1.000000 400.000000 1 2 3 180.000000 0 1 E1 E2 E3 E4 E5 1 12847.750000 0.000000 0.000000 0.000000 0.000000

run9
8
12 lys1 /data/scottm/lys12 -75.000000 1 16 15 1.000000 1.000000 400.000000 1 2 3 180.000000 0 1 E1 E2 E3 E4 E5 1 12847.750000 0.000000 0.000000 0.000000 0.000000

run10
8
12 lys1 /data/scottm/lys12 -75.000000 1 16 15 1.000000 1.000000 400.000000 1 2 3 180.000000 0 1 E1 E2 E3 E4 E5 1 12847.750000 0.000000 0.000000 0.000000 0.000000

run11
8
12 lys1 /data/scottm/lys12 -75.000000 1 6 15 1.000000 1.000000 400.000000 1 2 3 180.000000 0 1 E1 E2 E3 E4 E5 1 12847.750000 0.000000 0.000000 0.000000 0.000000

run12
8
12 lys1 /data/scottm/lys12 -75.000000 1 16 15 1.000000 1.000000 400.000000 1 2 3 180.000000 0 1 E1 E2 E3 E4 E5 1 12847.750000 0.000000 0.000000 0.000000 0.000000

run13
8
13 lys1 /data/soltis/lys12 0.000000 1 1 15 9.000000 30.000000 400.000000 0 2 0 180.000000 0 1 E1 E2 E3 E4 E5 1 12847.750000 0.000000 0.000000 0.000000 0.000000

run14
8
14 lys1 /data/scottm/lys14 15.000000 1 16 15 1.000000 1.000000 400.000000 0 2 3 180.000000 0 1 E1 E2 E3 E4 E5 1 12847.750000 0.000000 0.000000 0.000000 0.000000

run15
8
15 lys1 /data/scottm/lys15 15.000000 1 16 15 1.000000 1.000000 400.000000 0 2 3 180.000000 0 1 E1 E2 E3 E4 E5 1 12847.750000 0.000000 0.000000 0.000000 0.000000

run16
8
16 lys1 /data/scottm/lys15 15.000000 1 1 15 1.000000 1.000000 400.000000 0 2 0 180.000000 0 1 E1 E2 E3 E4 E5 1 12847.750000 0.000000 0.000000 0.000000 0.000000

normalize
11
self normalize 1

expose
11
self expose 1

requestExposureTime
11
self requestExposureTime 1

requestCollectedImage
11
self requestCollectedImage 0

doseStoredCounts
2
self standardVirtualMotor
12919.000000 1000.000000 -1.000000 0 0 0 0 
0
0


doseLastCounts
2
self standardVirtualMotor
12294.000000 1000.000000 -1.000000 0 0 0 0 
0
0


doseStabilityRatio
2
self standardVirtualMotor
0.050000 1000.000000 -1.000000 0 0 0 0 
0
0


doseThreshold
2
self standardVirtualMotor
500.000000 1000.000000 -1.000000 0 0 0 0 
0
0


doseIntegrationPeriod
2
self standardVirtualMotor
0.100000 1000.000000 -1.000000 0 0 0 0 
0
0


maxOscTime
2
self standardVirtualMotor
60.000000 1000.000000 -1.000000 0 0 0 0 
0
0


box_size
2
self box_size
150.018460 700.000000 150.000000 0 0 0 0 
0
0


box_size_0
2
self standardVirtualMotor
740.000000 1000.000000 -1.000000 0 0 0 0 
0
0


box_size_1
2
self standardVirtualMotor
141.000000 1000.000000 -1.000000 0 0 0 0 
0
0


optimize
11
self optimize 1

scan
11
self scan 1

energyOptimizeTolerance
2
self standardVirtualMotor
0.050000 100.000000 -100.000000 1 1 0 0 
0
0



energyLastTimeOptimized
2
self standardVirtualMotor
992476323.000000 100.000000 -100.000000 1 1 0 0 
0
0


energyLastOptimized
2
self standardVirtualMotor
12000.127117 100.000000 -100.000000 1 1 0 0 
0
0


energyOptimizedTimeout
2
self standardVirtualMotor
120.000000 100.000000 -100.000000 1 1 0 0 
0
0


attenuation
2
self attenuation
0.403739 50.000000 0.000000 0 0 0 0 
0
0

END
