6.67883 0.00 5000 2.1
6.67883 19.24 5000 1.8
6.67883 28.38 5000 1.6
6.67883 39.33 2000 3.5
6.67883 49.87 2000 3.0
6.67883 59.59 2000 2.6
6.67883 69.64 2000 2.1
6.67883 79.74 1000 3.0
6.67883 89.86 1000 1.8
6.67883 89.86 500 3.6
6.67883 90.99 1000 1.6
6.67883 9.10 5000 1.9
6.67883 92.01 500 2.9
6.67883 93.23 500 2.6
6.67883 94.28 500 2.3
6.67883 95.38 500 2.0
6.67883 96.53 500 1.6
6.67883 97.58 200 3.1
6.67883 98.70 200 1.7
6.67883 99.77 50 2.0
7.09835 0.00 10000 1.8
7.09835 18.49 5000 3.0
7.09835 28.19 5000 2.7
7.09835 38.40 5000 2.3
7.09835 49.79 5000 1.9
7.09835 59.07 5000 1.5
7.09835 69.88 2000 3.1
7.09835 79.99 2000 2.2
7.09835 89.97 1000 2.4
7.09835 89.97 1000 2.4
7.09835 90.95 1000 2.2
7.09835 92.02 1000 2.0
7.09835 93.16 1000 1.7
7.09835 94.28 500 3.0
7.09835 95.34 500 2.5
7.09835 96.48 500 2.0
7.09835 9.72 10000 1.6
7.09835 97.60 200 3.6
7.09835 98.70 200 2.2
7.09835 99.80 50 1.7
7.57423 0.00 10000 2.2
7.57423 17.97 10000 1.8
7.57423 28.94 5000 3.2
7.57423 38.29 5000 2.8
7.57423 49.50 5000 2.4
7.57423 59.78 5000 1.9
7.57423 69.75 2000 3.7
7.57423 79.69 2000 2.5
7.57423 8.08 10000 2.0
7.57423 89.74 1000 2.6
7.57423 89.74 1000 2.7
7.57423 90.85 1000 2.4
7.57423 92.05 1000 2.1
7.57423 93.11 1000 1.8
7.57423 94.35 500 2.9
7.57423 95.38 500 2.6
7.57423 96.52 500 1.9
7.57423 97.60 200 3.6
7.57423 98.68 200 2.0
7.57423 99.80 20 3.6
8.11879 0.00 10000 3.4
8.11879 17.99 10000 2.8
8.11879 28.15 10000 2.4
8.11879 39.02 10000 2.1
8.11879 49.99 5000 3.4
8.11879 58.99 5000 2.8
8.11879 69.58 5000 2.0
8.11879 79.54 2000 3.5
8.11879 89.77 1000 3.6
8.11879 89.77 1000 3.7
8.11879 91.04 1000 3.2
8.11879 92.15 1000 2.8
8.11879 93.12 1000 2.5
8.11879 9.32 10000 3.1
8.11879 94.18 1000 2.1
8.11879 95.37 500 3.3
8.11879 96.45 500 2.5
8.11879 97.61 500 1.7
8.11879 98.68 200 2.5
8.11879 99.79 50 1.2
8.74804 0.00 20000 2.5
8.74804 0.00 20000 2.6
8.74804 18.01 20000 2.1
8.74804 18.01 20000 2.1
8.74804 27.41 20000 1.8
8.74804 27.41 20000 1.8
8.74804 38.16 10000 3.1
8.74804 38.16 10000 3.1
8.74804 49.30 10000 2.5
8.74804 49.30 10000 2.5
8.74804 58.56 10000 2.0
8.74804 58.56 10000 2.1
8.74804 69.92 5000 2.9
8.74804 69.92 5000 3.0
8.74804 7.70 20000 2.3
8.74804 7.70 20000 2.4
8.74804 79.85 5000 2.0
8.74804 79.85 5000 2.0
8.74804 89.78 2000 2.5
8.74804 89.78 2000 2.5
8.74804 89.78 2000 2.5
8.74804 89.78 2000 2.5
8.74804 90.95 2000 2.2
8.74804 90.95 2000 2.2
8.74804 91.96 2000 1.9
8.74804 91.96 2000 1.9
8.74804 93.15 1000 3.4
8.74804 93.15 1000 3.4
8.74804 94.17 1000 2.9
8.74804 94.17 1000 2.9
8.74804 95.41 1000 2.3
8.74804 95.41 1000 2.3
8.74804 96.39 500 3.5
8.74804 96.39 500 3.5
8.74804 97.58 500 2.3
8.74804 97.58 500 2.4
8.74804 98.68 200 3.2
8.74804 98.68 200 3.2
8.74804 99.80 50 1.9
8.74804 99.80 50 2.0
9.10089 0.00 20000 2.6
9.10089 19.90 20000 2.1
9.10089 26.76 20000 1.9
9.10089 38.76 10000 3.1
9.10089 48.80 10000 2.6
9.10089 59.13 10000 2.1
9.10089 68.76 5000 3.1
9.10089 79.07 5000 2.0
9.10089 8.56 20000 2.3
9.10089 89.77 2000 2.5
9.10089 89.77 2000 2.5
9.10089 91.07 2000 2.2
9.10089 91.84 2000 1.9
9.10089 93.18 1000 3.3
9.10089 94.29 1000 2.8
9.10089 95.43 1000 2.2
9.10089 96.51 500 3.3
9.10089 97.56 500 2.3
9.10089 98.69 200 3.1
9.10089 99.79 50 2.1
9.48348 0.00 20000 3.1
9.48348 18.28 20000 2.6
9.48348 29.62 20000 2.2
9.48348 39.63 20000 1.9
9.48348 48.01 10000 3.2
9.48348 59.68 10000 2.4
9.48348 68.61 10000 1.9
9.48348 79.04 5000 2.5
9.48348 89.66 2000 3.2
9.48348 89.66 2000 3.2
9.48348 90.65 2000 2.8
9.48348 91.98 2000 2.4
9.48348 93.09 2000 2.1
9.48348 94.08 1000 3.5
9.48348 95.39 1000 2.7
9.48348 9.60 20000 2.8
9.48348 96.42 1000 2.1
9.48348 97.61 500 2.8
9.48348 98.70 200 3.7
9.48348 99.80 50 2.2
9.89991 0.00 20000 3.9
9.89991 15.64 20000 3.2
9.89991 29.15 20000 2.8
9.89991 36.84 20000 2.5
9.89991 49.81 20000 2.0
9.89991 5.37 20000 3.7
9.89991 57.66 10000 3.2
9.89991 68.30 10000 2.4
9.89991 79.98 5000 3.1
9.89991 89.95 2000 3.8
9.89991 89.95 2000 3.9
9.89991 91.04 2000 3.4
9.89991 92.01 2000 3.1
9.89991 93.26 2000 2.5
9.89991 94.34 2000 2.1
9.89991 95.23 1000 3.6
9.89991 96.43 1000 2.6
9.89991 97.60 500 3.5
9.89991 98.65 500 1.9
9.89991 99.80 50 2.9
10.35476 0.00 50000 1.9
10.35476 17.73 20000 3.8
10.35476 27.90 20000 3.4
10.35476 36.81 20000 3.0
10.35476 48.29 20000 2.4
10.35476 57.46 20000 2.0
10.35476 6.13 50000 1.7
10.35476 69.49 10000 2.8
10.35476 79.46 10000 1.9
10.35476 89.38 5000 1.9
10.35476 89.38 5000 2.0
10.35476 90.69 5000 1.8
10.35476 91.84 2000 3.8
10.35476 92.85 2000 3.3
10.35476 94.12 2000 2.7
10.35476 95.19 2000 2.2
10.35476 96.53 1000 3.1
10.35476 97.51 1000 2.2
10.35476 98.62 500 2.5
10.35476 99.80 50 3.4
10.85368 0.00 50000 2.2
10.85368 14.16 50000 1.9
10.85368 26.31 50000 1.7
10.85368 36.74 20000 3.6
10.85368 49.54 20000 2.8
10.85368 59.99 20000 2.3
10.85368 68.08 10000 3.6
10.85368 7.07 50000 2.0
10.85368 79.81 10000 2.3
10.85368 89.87 5000 2.2
10.85368 89.87 5000 2.2
10.85368 90.59 5000 2.1
10.85368 91.92 5000 1.7
10.85368 93.06 2000 3.9
10.85368 94.05 2000 3.4
10.85368 95.28 2000 2.7
10.85368 96.52 2000 2.0
10.85368 97.62 1000 2.6
10.85368 98.71 500 2.8
10.85368 99.79 100 2.3
11.40343 0.00 50000 2.6
11.40343 0.00 50000 2.6
11.40343 16.31 50000 2.1
11.40343 16.31 50000 2.2
11.40343 29.96 50000 1.9
11.40343 29.96 50000 1.9
11.40343 35.70 50000 1.7
11.40343 35.70 50000 1.7
11.40343 46.19 20000 3.6
11.40343 46.19 20000 3.6
11.40343 58.95 20000 2.7
11.40343 58.95 20000 2.7
11.40343 68.46 20000 2.1
11.40343 68.46 20000 2.2
11.40343 79.87 10000 2.7
11.40343 79.87 10000 2.7
11.40343 8.19 50000 2.4
11.40343 8.19 50000 2.4
11.40343 89.17 5000 2.8
11.40343 89.17 5000 2.9
11.40343 89.17 5000 2.9
11.40343 89.17 5000 2.9
11.40343 90.93 5000 2.4
11.40343 90.93 5000 2.4
11.40343 91.74 5000 2.3
11.40343 91.74 5000 2.3
11.40343 93.08 5000 1.9
11.40343 93.08 5000 1.9
11.40343 94.21 5000 1.6
11.40343 94.21 5000 1.6
11.40343 95.16 2000 3.3
11.40343 95.16 2000 3.3
11.40343 96.28 2000 2.6
11.40343 96.28 2000 2.6
11.40343 97.39 1000 3.5
11.40343 97.39 1000 3.6
11.40343 98.61 1000 1.9
11.40343 98.61 1000 1.9
11.40343 99.78 100 2.8
11.40343 99.78 100 3.0
11.63940 0.00 50000 3.3
11.63940 17.29 50000 2.7
11.63940 24.49 50000 2.4
11.63940 37.55 50000 2.1
11.63940 48.34 50000 1.7
11.63940 57.27 20000 3.6
11.63940 67.98 20000 2.8
11.63940 78.10 10000 3.8
11.63940 8.71 50000 3.0
11.63940 89.75 5000 3.5
11.63940 89.75 5000 3.6
11.63940 90.64 5000 3.2
11.63940 91.52 5000 2.9
11.63940 92.99 5000 2.5
11.63940 93.60 5000 2.2
11.63940 94.70 5000 1.8
11.63940 95.62 2000 4.0
11.63940 96.72 2000 3.1
11.63940 97.95 1000 3.7
11.63940 98.95 1000 2.2
11.63940 98.95 500 3.8
11.63940 99.04 500 3.9
11.63940 99.13 500 3.5
11.63940 99.28 500 3.0
11.63940 99.34 500 2.7
11.63940 99.46 500 2.2
11.63940 99.59 500 1.6
11.63940 99.69 200 3.2
11.63940 99.79 200 2.3
11.73654 98.97 1000 2.2
11.73654 99.07 1000 2.0
11.73654 99.15 500 3.7
11.73654 99.23 500 3.3
11.73654 99.37 500 2.8
11.73654 99.48 500 2.3
11.73654 99.57 500 1.9
11.73654 99.68 200 3.4
11.73654 99.78 200 2.3
11.83534 98.99 1000 2.2
11.83534 99.08 1000 2.0
11.83534 99.18 500 3.7
11.83534 99.25 500 3.3
11.83534 99.39 500 2.7
11.83534 99.50 500 2.3
11.83534 99.59 500 1.8
11.83534 99.70 200 3.3
11.83534 99.80 200 2.3
11.88536 0.00 50000 3.5
11.88536 18.34 50000 2.8
11.88536 25.90 50000 2.6
11.88536 39.49 50000 2.2
11.88536 45.54 50000 2.0
11.88536 59.64 20000 3.7
11.88536 67.04 20000 3.0
11.88536 78.02 20000 2.1
11.88536 89.23 10000 2.0
11.88536 89.23 10000 2.0
11.88536 90.22 5000 3.7
11.88536 91.20 1000 5.8
11.88536 9.26 50000 3.1
11.88536 92.81 5000 2.7
11.88536 93.48 5000 2.4
11.88536 94.68 5000 2.1
11.88536 95.65 5000 1.6
11.88536 96.80 2000 3.1
11.88536 97.87 2000 2.1
11.88536 98.95 1000 2.2
11.93584 98.91 1000 2.6
11.93584 99.01 1000 2.3
11.93584 99.19 500 3.7
11.93584 99.27 500 3.4
11.93584 99.34 500 3.0
11.93584 99.46 500 2.4
11.93584 99.56 500 2.1
11.93584 99.68 200 3.7
11.93584 99.79 200 2.5
12.03808 98.92 1000 2.6
12.03808 99.03 1000 2.4
12.03808 99.12 1000 2.2
12.03808 99.29 500 3.4
12.03808 99.36 500 3.1
12.03808 99.48 500 2.5
12.03808 99.58 500 2.1
12.03808 99.69 200 3.7
12.03808 99.80 200 2.4
12.14207 0.00 50000 3.7
12.14207 19.46 50000 3.0
12.14207 27.41 50000 2.7
12.14207 35.13 50000 2.6
12.14207 47.75 50000 2.1
12.14207 57.92 50000 1.7
12.14207 69.45 20000 3.0
12.14207 78.02 20000 2.3
12.14207 89.65 10000 2.2
12.14207 89.65 5000 3.8
12.14207 90.75 5000 3.9
12.14207 91.66 5000 3.5
12.14207 92.55 5000 3.1
12.14207 94.00 5000 2.5
12.14207 94.59 5000 2.2
12.14207 95.64 5000 1.8
12.14207 96.86 2000 3.5
12.14207 97.97 2000 2.3
12.14207 9.87 50000 3.4
12.14207 98.94 1000 2.3
12.14207 98.94 1000 2.7
12.14207 99.04 1000 2.4
12.14207 99.14 1000 2.3
12.14207 99.23 1000 2.0
12.14207 99.38 500 3.2
12.14207 99.50 500 2.6
12.14207 99.60 500 2.0
12.14207 99.68 500 1.7
12.14207 99.79 200 2.7
12.24791 98.95 1000 2.8
12.24791 99.06 1000 2.4
12.24791 99.16 1000 2.2
12.24791 99.25 1000 2.0
12.24791 99.40 500 3.2
12.24791 99.46 500 2.8
12.24791 99.57 500 2.3
12.24791 99.69 500 1.7
12.24791 99.78 200 2.9
12.35560 98.96 1000 2.9
12.35560 99.07 1000 2.6
12.35560 99.17 1000 2.3
12.35560 99.26 1000 2.0
12.35560 99.34 500 3.8
12.35560 99.48 500 2.9
12.35560 99.58 500 2.3
12.35560 99.67 500 1.8
12.35560 99.79 200 3.0
12.41017 0.00 50000 3.9
12.41017 0.00 50000 3.9
12.41017 10.52 50000 3.5
12.41017 29.01 50000 2.8
12.41017 37.06 50000 2.6
12.41017 43.68 50000 2.4
12.41017 55.32 50000 1.9
12.41017 68.57 20000 3.3
12.41017 77.69 20000 2.5
12.41017 88.86 10000 2.4
12.41017 93.78 5000 2.8
12.41022 88.86 10000 2.4
12.41022 90.12 5000 3.8
12.41022 91.16 5000 4.0
12.41022 92.99 5000 3.1
12.41022 94.44 5000 2.5
12.41022 95.59 5000 1.9
12.41022 96.90 2000 3.5
12.41022 97.80 2000 2.6
12.41022 98.90 1000 2.6
12.46524 98.97 1000 3.0
12.46524 99.08 1000 2.7
12.46524 99.18 1000 2.4
12.46524 99.28 1000 2.1
12.46524 99.35 500 3.7
12.46524 99.49 500 3.1
12.46524 99.60 500 2.4
12.46524 99.68 500 1.9
12.46524 99.80 200 3.0
12.57688 98.98 1000 3.1
12.57688 99.09 1000 2.8
12.57688 99.20 1000 2.5
12.57688 99.28 1000 2.2
12.57688 99.37 500 3.8
12.57688 99.44 500 3.4
12.57688 99.56 500 2.8
12.57688 99.69 500 1.9
12.57688 99.79 200 3.2
12.69052 0.00 100000 2.1
12.69052 0.00 100000 2.1
12.69052 11.22 50000 3.7
12.69052 21.96 50000 3.3
12.69052 39.09 50000 2.7
12.69052 45.93 50000 2.4
12.69052 57.80 50000 1.9
12.69052 67.07 20000 3.8
12.69052 79.94 20000 2.4
12.69052 89.26 10000 2.5
12.69052 89.26 10000 2.5
12.69052 90.47 10000 2.2
12.69052 91.62 10000 2.1
12.69052 92.56 5000 3.7
12.69052 93.46 5000 3.2
12.69052 94.90 5000 2.5
12.69052 95.47 5000 2.2
12.69052 96.89 2000 4.0
12.69052 97.85 2000 2.7
12.69052 98.98 1000 2.8
12.69052 98.98 1000 3.2
12.69052 98.98 1000 3.2
12.69052 99.10 1000 2.8
12.69052 99.30 1000 2.2
12.69052 99.38 500 3.9
12.69052 99.45 500 3.4
12.69052 99.57 500 2.8
12.69052 99.67 500 2.1
12.69052 99.80 200 3.2
12.80626 98.98 1000 3.4
12.80626 98.98 1000 3.4
12.80626 99.10 1000 2.9
12.80626 99.21 1000 2.6
12.80626 99.39 500 4.0
12.80626 99.46 500 3.5
12.80626 99.58 500 2.6
12.80626 99.68 500 2.2
12.80626 99.78 200 3.7
12.92414 98.98 1000 3.4
12.92414 98.98 1000 3.4
12.92414 99.11 1000 3.1
12.92414 99.21 1000 2.7
12.92414 99.39 1000 2.0
12.92414 99.47 500 3.6
12.92414 99.59 500 2.7
12.92414 99.69 500 2.2
12.92414 99.79 200 3.6
12.98391 0.00 100000 2.2
12.98391 0.00 100000 2.2
12.98391 11.98 50000 3.9
12.98391 23.34 50000 3.4
12.98391 32.53 50000 3.0
12.98391 48.28 50000 2.5
12.98391 54.96 50000 2.1
12.98391 69.61 20000 3.8
12.98391 79.71 20000 2.7
12.98391 89.51 10000 2.7
12.98391 89.51 10000 2.7
12.98391 90.86 10000 2.3
12.98391 91.96 10000 2.1
12.98391 92.99 1000 5.6
12.98391 93.83 5000 3.3
12.98391 94.63 5000 2.9
12.98391 95.88 5000 2.2
12.98391 96.84 5000 1.7
12.98391 97.87 2000 2.9
12.98391 98.91 1000 3.1
13.04428 98.98 1000 3.5
13.04428 98.98 1000 3.5
13.04428 99.10 1000 3.1
13.04428 99.22 1000 2.8
13.04428 99.31 1000 2.5
13.04428 99.48 500 3.7
13.04428 99.54 500 3.3
13.04428 99.69 500 2.1
13.04428 99.80 200 3.7
13.16661 98.97 1000 3.7
13.16661 98.97 1000 3.7
13.16661 99.10 1000 3.2
13.16661 99.22 1000 2.7
13.16661 99.32 1000 2.5
13.16661 99.49 500 3.8
13.16661 99.55 500 3.2
13.16661 99.66 500 2.5
13.16661 99.78 500 1.7
13.29134 0.00 100000 2.3
13.29134 0.00 100000 2.3
13.29134 12.80 100000 2.0
13.29134 24.83 50000 3.5
13.29134 34.45 50000 3.1
13.29134 43.50 50000 2.8
13.29134 57.53 50000 2.1
13.29134 68.07 50000 1.6
13.29134 79.07 20000 2.6
13.29134 89.81 10000 2.8
13.29134 89.81 10000 2.9
13.29134 89.81 5000 3.9
13.29134 91.11 10000 2.4
13.29134 92.34 10000 2.1
13.29134 93.32 5000 3.6
13.29134 94.98 5000 2.8
13.29134 95.67 5000 2.4
13.29134 96.75 5000 1.9
13.29134 97.87 2000 2.9
13.29134 98.96 1000 3.3
13.29134 98.96 1000 3.9
13.29134 99.09 1000 3.4
13.29134 99.09 1000 3.4
13.29134 99.22 1000 2.9
13.29134 99.32 1000 2.5
13.29134 99.49 500 3.9
13.29134 99.56 500 3.3
13.29134 99.67 500 2.5
13.29134 99.78 500 1.6
13.41847 98.94 1000 3.7
13.41847 99.09 1000 3.5
13.41847 99.09 1000 3.5
13.41847 99.21 1000 3.0
13.41847 99.32 1000 2.6
13.41847 99.49 1000 2.0
13.41847 99.56 500 3.5
13.41847 99.67 500 2.5
13.41847 99.79 500 1.6
13.54805 98.93 1000 3.9
13.54805 99.07 1000 3.3
13.54805 99.07 1000 3.3
13.54805 99.21 1000 3.2
13.54805 99.31 1000 2.7
13.54805 99.49 500 3.9
13.54805 99.57 500 3.6
13.54805 99.68 500 2.6
13.54805 99.80 500 1.7
13.61381 0.00 100000 2.4
13.61381 0.00 100000 2.4
13.61381 13.69 100000 2.1
13.61381 26.42 50000 3.5
13.61381 36.50 50000 3.1
13.61381 45.86 50000 2.8
13.61381 53.28 50000 2.4
13.61381 65.62 50000 1.8
13.61381 78.44 20000 2.9
13.61381 89.92 10000 2.9
13.61381 89.92 10000 2.9
13.61381 89.92 10000 2.9
13.61381 91.41 10000 2.6
13.61381 92.59 10000 2.2
13.61381 93.68 5000 3.7
13.61381 94.55 5000 3.2
13.61381 95.99 5000 2.5
13.61381 96.58 5000 2.1
13.61381 97.83 2000 3.3
13.61381 99.00 1000 3.1
13.68023 98.90 2000 2.1
13.68023 99.06 1000 3.6
13.68023 99.19 1000 3.0
13.68023 99.19 1000 3.0
13.68023 99.31 1000 2.9
13.68023 99.50 1000 2.0
13.68023 99.57 500 3.4
13.68023 99.68 500 2.7
13.68023 99.77 500 1.9
13.81500 98.88 2000 2.3
13.81500 99.04 1000 3.8
13.81500 99.18 1000 3.2
13.81500 99.18 1000 3.2
13.81500 99.30 1000 2.7
13.81500 99.49 1000 2.2
13.81500 99.57 500 3.6
13.81500 99.69 500 2.8
13.81500 99.77 500 2.0
13.95253 0.00 100000 2.4
13.95253 0.00 100000 2.4
13.95253 14.66 100000 2.1
13.95253 28.13 50000 3.6
13.95253 38.66 50000 3.1
13.95253 48.34 50000 2.8
13.95253 55.91 50000 2.4
13.95253 68.31 50000 1.8
13.95253 77.23 20000 3.3
13.95253 88.24 10000 3.6
13.95253 88.24 10000 3.7
13.95253 90.09 10000 3.1
13.95253 91.54 10000 2.6
13.95253 92.88 10000 2.2
13.95253 93.92 5000 3.7
13.95253 94.88 5000 3.1
13.95253 95.63 5000 2.6
13.95253 96.86 5000 2.0
13.95253 97.74 2000 3.6
13.95253 98.83 1000 3.6
13.95253 98.83 2000 2.2
13.95253 99.02 1000 4.0
13.95253 99.16 1000 3.4
13.95253 99.29 1000 2.8
13.95253 99.40 1000 2.4
13.95253 99.49 1000 2.3
13.95253 99.57 500 3.8
13.95253 99.69 500 2.7
13.95253 99.78 500 2.1
14.30863 0.00 100000 2.6
14.30863 0.00 100000 2.6
14.30863 15.71 100000 2.2
14.30863 29.95 50000 3.7
14.30863 29.95 50000 3.7
14.30863 40.95 50000 3.2
14.30863 58.63 50000 2.4
14.30863 65.62 50000 2.1
14.30863 79.70 20000 3.1
14.30863 88.18 20000 2.0
14.30863 88.18 20000 2.1
14.30863 90.04 10000 3.5
14.30863 91.72 10000 2.9
14.30863 91.72 10000 2.9
14.30863 93.02 10000 2.4
14.30863 94.20 10000 2.0
14.30863 95.94 5000 2.8
14.30863 96.58 5000 2.3
14.30863 97.60 5000 1.8
14.30863 98.82 1000 4.0
14.30863 98.82 2000 2.2
14.30863 99.02 1000 3.3
14.30863 99.18 1000 2.7
14.30863 99.18 1000 2.7
14.30863 99.31 1000 2.5
14.30863 99.42 1000 2.1
14.30863 99.60 500 2.8
14.30863 99.66 500 2.6
14.30863 99.76 500 1.8
14.49518 0.00 100000 2.5
14.49518 0.00 100000 2.6
14.49518 16.26 100000 2.2
14.49518 16.26 100000 2.2
14.49518 30.91 50000 3.7
14.49518 42.15 50000 3.2
14.49518 52.27 50000 2.8
14.49518 67.03 50000 2.0
14.49518 77.22 20000 3.6
14.49518 89.13 10000 3.8
14.49518 89.13 10000 3.8
14.49518 90.90 10000 3.2
14.49518 90.90 10000 3.2
14.49518 92.49 10000 2.6
14.49518 93.71 10000 2.2
14.49518 94.81 5000 3.7
14.49518 95.65 5000 3.1
14.49518 97.00 5000 2.1
14.49518 97.93 2000 3.9
14.49518 98.82 2000 2.1
14.49518 98.82 2000 2.2
14.49518 99.01 1000 3.5
14.49518 99.18 1000 2.8
14.49518 99.18 1000 2.8
14.49518 99.32 1000 2.3
14.49518 99.44 1000 2.1
14.49518 99.53 500 3.5
14.49518 99.67 500 2.3
14.49518 99.77 500 1.8
14.68662 0.00 100000 2.6
14.68662 0.00 100000 2.6
14.68662 16.85 100000 2.2
14.68662 16.85 100000 2.2
14.68662 31.91 50000 3.7
14.68662 43.38 50000 3.1
14.68662 53.64 50000 2.8
14.68662 68.43 50000 1.8
14.68662 78.51 20000 3.4
14.68662 87.83 10000 3.9
14.68662 87.83 20000 2.0
14.68662 90.04 20000 1.8
14.68662 91.71 10000 3.0
14.68662 91.71 10000 3.0
14.68662 93.22 10000 2.4
14.68662 94.36 5000 4.0
14.68662 95.38 5000 3.4
14.68662 96.85 5000 2.2
14.68662 97.86 5000 1.7
14.68662 98.79 2000 2.1
14.68662 98.79 2000 2.3
14.68662 99.01 1000 3.6
14.68662 99.17 1000 3.0
14.68662 99.17 1000 3.0
14.68662 99.32 1000 2.4
14.68662 99.44 500 4.0
14.68662 99.54 500 3.5
14.68662 99.69 500 2.4
14.68662 99.79 500 1.8
14.88331 0.00 100000 2.7
14.88331 0.00 100000 2.7
14.88331 17.45 100000 2.2
14.88331 17.45 100000 2.2
14.88331 32.94 50000 3.7
14.88331 44.65 50000 3.1
14.88331 55.03 50000 2.8
14.88331 69.85 50000 1.9
14.88331 79.78 20000 3.3
14.88331 88.81 10000 3.7
14.88331 88.81 10000 3.8
14.88331 90.91 10000 3.4
14.88331 90.91 20000 1.7
14.88331 92.49 10000 2.8
14.88331 93.90 10000 2.2
14.88331 94.97 5000 3.6
14.88331 95.91 5000 3.0
14.88331 96.62 5000 2.4
14.88331 97.74 2000 4.0
14.88331 98.98 1000 3.6
14.88331 98.98 1000 3.6
14.88331 98.98 1000 3.8
14.88331 99.17 1000 3.0
14.88331 99.17 1000 3.0
14.88331 99.32 1000 2.5
14.88331 99.45 500 3.9
14.88331 99.54 500 3.2
14.88331 99.69 500 2.3
14.88331 99.79 200 3.8
15.08540 0.00 100000 2.7
15.08540 0.00 100000 2.7
15.08540 18.09 100000 2.2
15.08540 18.09 100000 2.2
15.08540 34.01 50000 3.7
15.08540 45.94 50000 3.0
15.08540 56.45 50000 2.7
15.08540 64.33 50000 2.3
15.08540 76.46 20000 3.8
15.08540 89.75 10000 3.4
15.08540 89.75 10000 3.5
15.08540 89.75 10000 3.5
15.08540 91.74 10000 3.1
15.08540 91.74 20000 1.5
15.08540 93.23 10000 2.5
15.08540 94.55 5000 3.9
15.08540 95.54 5000 3.2
15.08540 96.40 5000 2.8
15.08540 97.63 5000 1.8
15.08540 98.97 1000 3.8
15.08540 98.97 1000 3.8
15.08540 98.97 2000 2.0
15.08540 99.15 1000 3.1
15.08540 99.15 1000 3.1
15.08540 99.32 1000 2.6
15.08540 99.44 1000 2.1
15.08540 99.55 500 3.3
15.08540 99.63 500 2.7
15.08540 99.76 200 4.8
15.29309 0.00 100000 2.7
15.29309 0.00 100000 2.7
15.29309 18.74 100000 2.2
15.29309 18.74 100000 2.2
15.29309 35.11 50000 3.6
15.29309 47.27 50000 3.0
15.29309 57.89 50000 2.7
15.29309 65.78 50000 2.2
15.29309 77.80 20000 3.6
15.29309 88.49 10000 3.9
15.29309 88.49 10000 4.0
15.29309 90.65 10000 3.2
15.29309 90.65 10000 3.2
15.29309 92.53 10000 2.8
15.29309 93.93 10000 2.3
15.29309 93.93 10000 2.3
15.29309 95.15 5000 3.6
15.29309 96.86 5000 2.4
15.29309 97.96 2000 3.8
15.29309 98.92 2000 2.1
15.29309 98.92 2000 2.1
15.29309 98.92 2000 2.2
15.29309 99.14 1000 3.2
15.29309 99.14 1000 3.2
15.29309 99.30 1000 2.6
15.29309 99.44 1000 2.1
15.29309 99.55 500 3.4
15.29309 99.64 500 2.7
15.29309 99.77 500 1.9
15.50667 0.00 100000 2.7
15.50667 0.00 100000 2.7
15.50667 19.43 100000 2.2
15.50667 19.43 100000 2.2
15.50667 36.24 50000 3.6
15.50667 48.63 50000 3.0
15.50667 59.35 50000 2.6
15.50667 67.25 50000 2.2
15.50667 79.12 20000 3.5
15.50667 89.47 10000 3.6
15.50667 89.47 10000 3.6
15.50667 89.47 10000 3.6
15.50667 91.51 10000 2.9
15.50667 91.51 10000 2.9
15.50667 93.28 10000 2.6
15.50667 94.59 10000 2.1
15.50667 95.72 5000 3.2
15.50667 96.55 5000 2.6
15.50667 97.80 5000 1.7
15.50667 98.89 2000 2.3
15.50677 98.89 2000 2.2
15.50677 98.89 2000 2.2
15.50677 99.11 1000 3.5
15.50677 99.29 1000 2.7
15.50677 99.29 1000 2.7
15.50677 99.43 1000 2.2
15.50677 99.55 500 3.5
15.50677 99.64 500 2.8
15.50677 99.77 500 1.7
15.72640 0.00 100000 2.7
15.72640 0.00 100000 2.7
15.72640 0.00 100000 2.7
15.72640 20.15 100000 2.2
15.72640 37.42 50000 3.6
15.72640 37.42 50000 3.6
15.72640 50.02 50000 2.9
15.72640 68.72 50000 2.1
15.72640 75.49 50000 1.6
15.72640 87.75 20000 2.2
15.72640 87.75 20000 2.2
15.72640 90.40 10000 3.4
15.72640 90.40 10000 3.4
15.72640 92.33 10000 2.7
15.72640 93.99 10000 2.4
15.72640 93.99 10000 2.4
15.72640 95.20 5000 3.7
15.72640 97.00 5000 2.3
15.72640 97.65 5000 1.8
15.72640 98.82 2000 2.1
15.72640 98.82 2000 2.2
15.72640 99.08 1000 3.7
15.72640 99.08 1000 3.7
15.72640 99.26 1000 2.9
15.72640 99.26 1000 2.9
15.72640 99.42 1000 2.2
15.72640 99.54 500 3.5
15.72640 99.64 500 2.8
15.72640 99.77 500 1.7
15.95253 0.00 100000 2.7
15.95253 0.00 100000 2.7
15.95253 0.00 100000 2.7
15.95253 20.89 100000 2.2
15.95253 38.63 50000 3.5
15.95253 38.63 50000 3.5
15.95253 51.45 50000 2.8
15.95253 62.33 50000 2.5
15.95253 76.88 20000 3.9
15.95253 88.78 10000 4.0
15.95253 88.78 20000 2.0
15.95253 88.78 20000 2.1
15.95253 91.29 10000 3.2
15.95253 91.29 10000 3.2
15.95253 93.11 10000 2.5
15.95253 94.66 10000 2.1
15.95253 95.77 5000 3.3
15.95253 96.72 5000 2.6
15.95253 97.99 5000 1.6
15.95253 98.76 2000 2.5
15.95253 98.76 2000 2.5
15.95253 99.02 1000 3.8
15.95253 99.02 1000 3.8
15.95253 99.24 1000 3.3
15.95253 99.24 1000 3.3
15.95253 99.40 1000 2.6
15.95253 99.53 500 4.0
15.95253 99.63 500 3.1
15.95253 99.77 500 1.9
16.18535 0.00 100000 2.7
16.18535 0.00 100000 2.7
16.18535 0.00 100000 2.7
16.18535 21.67 100000 2.2
16.18535 39.87 50000 3.5
16.18535 39.87 50000 3.5
16.18535 52.90 50000 2.8
16.18535 63.85 50000 2.4
16.18535 78.26 20000 3.8
16.18535 89.76 10000 3.8
16.18535 89.76 10000 3.8
16.18535 89.76 10000 3.8
16.18535 89.76 10000 3.8
16.18535 92.14 10000 2.9
16.18535 93.84 10000 2.3
16.18535 93.84 10000 2.3
16.18535 95.27 5000 3.9
16.18535 96.30 5000 3.0
16.18535 97.77 5000 1.8
16.18535 98.97 2000 2.0
16.18535 98.97 2000 2.1
16.18535 98.97 2000 2.1
16.18535 99.20 1000 3.2
16.18535 99.20 1000 3.2
16.18535 99.38 1000 2.8
16.18535 99.38 1000 2.8
16.18535 99.52 1000 2.1
16.18535 99.63 500 3.2
16.18535 99.78 500 2.0
16.42517 0.00 100000 2.7
16.42517 0.00 100000 2.7
16.42517 0.00 100000 2.7
16.42517 22.47 100000 2.2
16.42517 22.47 100000 2.2
16.42517 41.16 100000 1.7
16.42517 54.38 50000 2.7
16.42517 65.38 50000 2.3
16.42517 79.63 20000 3.5
16.42517 88.01 20000 2.2
16.42517 88.01 20000 2.3
16.42517 90.71 10000 3.5
16.42517 90.71 10000 3.5
16.42517 92.95 10000 2.6
16.42517 92.95 10000 2.6
16.42517 94.53 5000 4.0
16.42517 95.85 5000 3.4
16.42517 96.78 5000 2.6
16.42517 97.56 5000 2.0
16.42517 98.89 2000 2.3
16.42517 98.89 2000 2.4
16.42517 98.89 2000 2.4
16.42517 99.15 1000 3.5
16.42517 99.15 1000 3.5
16.42517 99.34 1000 2.7
16.42517 99.34 1000 2.7
16.42517 99.50 1000 2.3
16.42517 99.61 500 3.5
16.42517 99.77 500 2.0
16.67228 0.00 100000 2.7
16.67228 0.00 100000 2.7
16.67228 0.00 100000 2.7
16.67228 23.32 100000 2.1
16.67228 23.32 100000 2.1
16.67228 42.48 50000 3.3
16.67228 55.89 50000 2.6
16.67228 66.92 50000 2.3
16.67228 74.63 50000 1.7
16.67228 89.05 20000 2.0
16.67228 89.05 20000 2.0
16.67228 89.05 20000 2.0
16.67228 91.61 10000 3.1
16.67228 91.61 10000 3.1
16.67228 93.70 10000 2.3
16.67228 93.70 10000 2.3
16.67228 95.17 5000 3.5
16.67228 96.38 5000 2.9
16.67228 97.92 5000 1.6
16.67228 98.80 2000 2.6
16.67228 98.80 2000 2.6
16.67228 99.08 1000 3.9
16.67228 99.08 1000 3.9
16.67228 99.08 1000 3.9
16.67228 99.31 1000 2.9
16.67228 99.47 1000 2.2
16.67228 99.47 1000 2.2
16.67228 99.70 500 2.8
16.67228 99.77 500 2.1
16.92709 0.00 100000 2.7
16.92709 0.00 100000 2.7
16.92709 0.00 100000 2.7
16.92709 24.19 100000 2.1
16.92709 24.19 100000 2.1
16.92709 43.84 50000 3.2
16.92709 57.43 50000 2.5
16.92709 68.46 50000 2.2
16.92709 76.09 50000 1.7
16.92709 86.58 20000 2.4
16.92709 86.58 20000 2.4
16.92709 90.06 10000 3.8
16.92709 90.06 10000 3.8
16.92709 92.46 10000 2.9
16.92709 92.46 10000 2.9
16.92709 94.42 10000 2.1
16.92709 95.77 5000 3.1
16.92709 96.86 5000 2.6
16.92709 97.62 5000 2.0
16.92709 98.66 2000 2.7
16.92709 98.66 2000 2.8
16.92709 99.01 2000 2.1
16.92709 99.01 2000 2.1
16.92709 99.25 1000 3.2
16.92709 99.25 1000 3.2
16.92709 99.44 1000 2.3
16.92709 99.58 500 3.5
16.92709 99.69 500 2.9
16.92709 99.76 500 2.2
17.18990 0.00 100000 2.7
17.18990 0.00 100000 2.7
17.18990 0.00 100000 2.7
17.18990 25.11 100000 2.1
17.18990 25.11 100000 2.1
17.18990 45.25 50000 3.2
17.18990 58.99 50000 2.5
17.18990 58.99 50000 2.5
17.18990 77.55 50000 1.6
17.18990 87.71 20000 2.3
17.18990 87.71 20000 2.3
17.18990 87.71 20000 2.3
17.18990 91.01 10000 3.5
17.18990 91.01 10000 3.5
17.18990 93.27 10000 2.6
17.18990 93.27 10000 2.6
17.18990 95.08 5000 3.8
17.18990 96.31 5000 2.8
17.18990 97.98 5000 1.7
17.18990 98.89 2000 2.3
17.18990 98.89 2000 2.4
17.18990 98.89 2000 2.4
17.18990 99.19 1000 3.6
17.18990 99.19 1000 3.6
17.18990 99.39 1000 2.7
17.18990 99.39 1000 2.7
17.18990 99.56 500 3.8
17.18990 99.67 500 2.8
17.18990 99.76 500 2.4
