fluorescence scan data for Se K edge
88
12084.000000 0.0
12114.000000 0.0
12134.000000 0.0
12152.500000 0.0
12169.500000 0.0
12185.000000 0.0
12199.000000 0.0
12211.500000 0.0
12222.500000 0.0
12232.000000 0.0
12240.000000 0.0
12246.500000 0.0
12251.500000 0.0
12254.000000 0.0
12255.000000 0.0
12256.000000 0.0
12257.000000 0.0
12258.000000 0.0
12259.000000 0.0
12260.000000 0.0
12261.000000 0.0
12262.000000 0.0
12263.000000 0.0
12264.000000 0.0
12265.000000 0.0
12266.000000 0.0
12267.000000 0.0
12268.000000 0.0
12269.000000 0.0
12270.000000 0.0
12271.000000 0.0
12272.000000 0.0
12273.000000 0.0
12274.000000 0.0
12275.000000 0.0
12276.000000 0.0
12277.000000 0.0
12278.000000 0.0
12279.000000 0.0
12280.000000 0.0
12281.000000 0.0
12282.000000 0.0
12283.000000 0.0
12284.000000 0.0
12285.000000 0.0
12286.000000 0.0
12287.000000 0.0
12288.000000 0.0
12289.000000 0.0
12290.000000 0.0
12291.000000 0.0
12292.000000 0.0
12293.000000 0.0
12294.000000 0.0
12295.000000 0.0
12296.000000 0.0
12297.000000 0.0
12298.000000 0.0
12299.000000 0.0
12300.000000 0.0
12301.000000 0.0
12302.000000 0.0
12303.000000 0.0
12304.000000 0.0
12305.000000 0.0
12306.000000 0.0
12307.000000 0.0
12308.000000 0.0
12309.000000 0.0
12310.000000 0.0
12311.000000 0.0
12312.000000 0.0
12313.000000 0.0
12314.000000 0.0
12315.500000 0.0
12319.000000 0.0
12324.000000 0.0
12330.500000 0.0
12338.500000 0.0
12348.000000 0.0
12359.000000 0.0
12371.500000 0.0
12385.500000 0.0
12401.000000 0.0
12418.000000 0.0
12436.500000 0.0
12464.000000 0.0
12494.000000 0.0
