12.01235 0.00 50000 3.4
12.01235 0.00 50000 2.9
12.01235 9.56 50000 2.6
12.01235 9.56 50000 2.6
12.01235 18.89 50000 2.4
12.01235 18.89 50000 2.4
12.01235 26.64 50000 2.2
12.01235 34.21 50000 2.1
12.01235 34.21 50000 2.1
12.01235 40.50 50000 1.9
12.01235 46.63 50000 1.7
12.01235 51.74 20000 3.8
12.01235 56.71 20000 3.5
12.01235 64.89 20000 2.8
12.01235 68.25 20000 2.6
12.01235 74.24 20000 2.2
12.01235 79.11 20000 1.8
12.01235 84.80 10000 2.6
12.01235 88.85 5000 3.9
11.40345 0.00 50000 2.8
11.40345 0.00 50000 2.8
11.40345 8.19 50000 2.6
11.40345 8.19 50000 2.6
11.40345 16.31 50000 2.4
11.40345 23.17 50000 2.2
11.40345 29.96 50000 2.1
11.40345 29.96 50000 2.1
11.40345 35.70 50000 1.9
11.40345 41.39 50000 1.7
11.40345 46.19 50000 1.6
11.40345 54.97 20000 3.4
11.40345 58.95 20000 3.1
11.40345 62.31 20000 2.9
11.40345 68.46 20000 2.5
11.40345 73.61 20000 2.1
11.40345 79.87 20000 1.6
11.40345 84.53 10000 2.5
11.40345 89.17 5000 3.5
10.85365 0.00 50000 2.6
10.85365 0.00 50000 2.6
10.85365 7.07 50000 2.4
10.85365 14.16 50000 2.2
10.85365 14.16 50000 2.2
10.85365 20.22 50000 2.1
10.85365 26.31 50000 2.0
10.85365 31.52 50000 1.9
10.85365 36.74 50000 1.7
10.85365 41.21 50000 1.6
10.85365 49.54 20000 3.5
10.85365 53.39 20000 3.2
10.85365 59.99 20000 2.9
10.85365 62.81 20000 2.7
10.85365 68.08 20000 2.3
10.85365 74.69 20000 1.8
10.85365 79.81 10000 3.0
10.85365 83.99 10000 2.3
10.85365 89.87 5000 2.9
10.35475 0.00 50000 2.4
10.35475 0.00 50000 2.4
10.35475 6.13 50000 2.3
10.35475 12.36 50000 2.1
10.35475 17.73 50000 2.0
10.35475 23.19 50000 1.9
10.35475 27.90 50000 1.8
10.35475 32.68 50000 1.7
10.35475 36.81 50000 1.6
10.35475 44.62 20000 3.5
10.35475 48.29 20000 3.3
10.35475 54.68 20000 2.9
10.35475 57.46 20000 2.8
10.35475 62.72 20000 2.4
10.35475 69.49 20000 1.9
10.35475 74.90 10000 3.3
10.35475 79.46 10000 2.6
10.35475 84.22 10000 2.0
10.35475 89.38 5000 2.8
9.89990 0.00 50000 2.1
9.89990 0.00 50000 2.1
9.89990 5.37 50000 2.0
9.89990 10.85 50000 1.9
9.89990 15.64 50000 1.8
9.89990 24.79 50000 1.7
9.89990 29.15 20000 3.9
9.89990 32.96 20000 3.7
9.89990 36.84 20000 3.5
9.89990 43.70 20000 3.1
9.89990 49.81 20000 2.8
9.89990 52.50 20000 2.7
9.89990 57.66 20000 2.4
9.89990 64.44 20000 2.0
9.89990 68.30 10000 3.6
9.89990 74.81 10000 2.8
9.89990 79.98 10000 2.2
9.89990 84.94 10000 1.7
9.89990 89.95 5000 2.3
9.48350 0.00 50000 1.8
9.48350 4.73 50000 1.7
9.48350 9.60 50000 1.6
9.48350 13.88 20000 3.9
9.48350 18.28 20000 3.8
9.48350 22.15 20000 3.6
9.48350 29.62 20000 3.3
9.48350 33.22 20000 3.1
9.48350 39.63 20000 2.8
9.48350 42.49 20000 2.6
9.48350 48.01 20000 2.4
9.48350 53.00 20000 2.2
9.48350 59.68 10000 3.7
9.48350 63.56 10000 3.4
9.48350 68.61 10000 2.9
9.48350 74.35 10000 2.3
9.48350 79.04 5000 3.8
9.48350 84.52 5000 3.0
9.48350 89.66 5000 1.9
9.10085 0.00 20000 3.8
9.10085 4.20 20000 3.6
9.10085 8.56 20000 3.5
9.10085 12.40 20000 3.3
9.10085 19.90 20000 3.1
9.10085 23.54 20000 2.9
9.10085 26.76 20000 2.8
9.10085 33.03 20000 2.6
9.10085 38.76 20000 2.3
9.10085 44.00 20000 2.1
9.10085 48.80 10000 3.9
9.10085 53.18 10000 3.5
9.10085 59.13 20000 1.6
9.10085 64.20 10000 2.7
9.10085 68.75 10000 2.3
9.10085 74.97 5000 3.7
9.10085 79.07 5000 3.2
9.10085 84.73 5000 2.3
9.10085 89.77 2000 3.8
8.74805 0.00 20000 3.5
8.74805 3.77 20000 3.3
8.74805 7.70 20000 3.2
8.74805 14.80 20000 3.0
8.74805 18.01 20000 2.8
8.74805 24.32 20000 2.6
8.74805 27.41 20000 2.5
8.74805 33.00 20000 2.3
8.74805 38.16 20000 2.1
8.74805 42.92 10000 3.9
8.74805 49.30 20000 1.7
8.74805 53.20 20000 1.6
8.74805 58.56 10000 2.8
8.74805 64.70 10000 2.4
8.74805 69.92 10000 2.0
8.74805 74.37 10000 1.8
8.74805 79.85 5000 2.8
8.74805 84.75 5000 2.1
8.74805 89.78 2000 3.4
8.42165 0.00 20000 2.8
8.42165 3.42 20000 2.7
8.42165 6.98 20000 2.6
8.42165 13.48 20000 2.4
8.42165 19.52 20000 2.2
8.42165 22.27 20000 2.2
8.42165 27.70 20000 2.0
8.42165 32.75 10000 3.7
8.42165 39.76 10000 3.4
8.42165 43.96 20000 1.6
8.42165 49.66 10000 2.8
8.42165 54.90 10000 2.5
8.42165 59.49 10000 2.3
8.42165 64.95 5000 3.9
8.42165 69.67 10000 1.7
8.42165 74.73 5000 2.8
8.42165 79.66 5000 2.3
8.42165 84.78 5000 1.7
8.42165 89.76 2000 2.9
8.11880 0.00 20000 2.2
8.11880 3.12 20000 2.2
8.11880 9.32 20000 2.0
8.11880 12.39 10000 4.0
8.11880 17.99 10000 3.7
8.11880 23.24 10000 3.5
8.11880 28.15 20000 1.6
8.11880 34.85 10000 3.0
8.11880 39.02 10000 2.8
8.11880 44.85 10000 2.5
8.11880 49.99 10000 2.3
8.11880 54.77 10000 2.1
8.11880 58.99 5000 3.7
8.11880 64.07 5000 3.3
8.11880 69.58 5000 2.9
8.11880 74.18 5000 2.4
8.11880 79.54 5000 1.9
8.11880 84.79 2000 3.6
8.11880 89.77 2000 2.5
7.83705 0.00 10000 3.5
7.83705 2.89 10000 3.4
7.83705 8.64 10000 3.2
7.83705 14.05 20000 1.5
7.83705 19.13 10000 2.8
7.83705 23.92 10000 2.7
7.83705 28.43 10000 2.5
7.83705 34.77 10000 2.3
7.83705 38.63 10000 2.2
7.83705 43.93 10000 2.0
7.83705 48.90 5000 3.6
7.83705 54.77 10000 1.6
7.83705 59.97 5000 2.9
7.83705 64.57 5000 2.6
7.83705 69.54 5000 2.3
7.83705 74.64 5000 1.9
7.83705 79.54 2000 3.9
7.83705 84.92 2000 2.9
7.83705 89.85 1000 3.9
7.57425 0.00 10000 2.7
7.57425 2.70 10000 2.6
7.57425 8.08 10000 2.5
7.57425 13.17 10000 2.4
7.57425 17.97 10000 2.2
7.57425 24.77 10000 2.0
7.57425 28.94 10000 2.0
7.57425 34.68 5000 3.6
7.57425 38.29 5000 3.4
7.57425 44.93 5000 3.0
7.57425 49.50 5000 2.8
7.57425 54.93 5000 2.5
7.57425 59.78 5000 2.3
7.57425 64.11 5000 2.1
7.57425 69.75 5000 1.8
7.57425 74.50 2000 3.8
7.57425 79.69 2000 3.1
7.57425 84.72 2000 2.4
7.57425 89.74 1000 3.2
7.32855 0.00 10000 2.4
7.32855 2.54 10000 2.3
7.32855 7.64 10000 2.2
7.32855 14.87 10000 2.1
7.32855 19.32 5000 3.9
7.32855 23.53 5000 3.7
7.32855 29.37 10000 1.7
7.32855 34.91 5000 3.2
7.32855 39.88 5000 3.0
7.32855 44.58 5000 2.8
7.32855 48.82 5000 2.6
7.32855 54.03 5000 2.3
7.32855 59.84 5000 2.1
7.32855 64.84 5000 1.9
7.32855 69.29 5000 1.7
7.32855 74.52 2000 3.4
7.32855 79.44 2000 2.8
7.32855 84.71 2000 2.2
7.32855 89.77 2000 1.6
7.09835 0.00 5000 3.6
7.09835 4.98 5000 3.5
7.09835 9.72 5000 3.4
7.09835 14.21 5000 3.2
7.09835 18.49 10000 1.5
7.09835 24.43 5000 2.8
7.09835 28.19 5000 2.7
7.09835 33.56 5000 2.5
7.09835 38.40 5000 2.4
7.09835 44.38 5000 2.2
7.09835 49.79 5000 2.0
7.09835 54.67 5000 1.8
7.09835 59.07 5000 1.7
7.09835 64.89 2000 3.7
7.09835 69.88 2000 3.3
7.09835 74.84 2000 2.8
7.09835 79.99 2000 2.3
7.09835 84.91 1000 3.6
7.09835 89.97 1000 2.5
6.88220 0.00 5000 2.7
6.88220 4.80 5000 2.6
6.88220 9.36 5000 2.5
6.88220 13.71 5000 2.4
6.88220 19.76 5000 2.3
6.88220 23.61 5000 2.2
6.88220 29.11 5000 2.1
6.88220 34.08 5000 1.9
6.88220 38.83 5000 1.8
6.88220 44.55 5000 1.7
6.88220 49.74 2000 3.9
6.88220 54.45 2000 3.6
6.88220 59.67 2000 3.3
6.88220 64.37 2000 3.0
6.88220 69.97 2000 2.6
6.88220 74.74 2000 2.3
6.88220 79.73 1000 3.8
6.88220 84.91 1000 3.0
6.88220 89.81 1000 2.2
6.67885 0.00 5000 1.9
6.67885 4.66 5000 1.8
6.67885 9.10 5000 1.7
6.67885 13.33 5000 1.7
6.67885 19.24 2000 4.0
6.67885 24.88 2000 3.8
6.67885 28.38 2000 3.6
6.67885 34.90 2000 3.3
6.67885 39.33 2000 3.2
6.67885 44.85 2000 2.9
6.67885 49.87 2000 2.7
6.67885 54.43 2000 2.6
6.67885 59.59 2000 2.3
6.67885 64.98 2000 2.1
6.67885 69.64 1000 3.7
6.67885 74.92 1000 3.2
6.67885 79.74 1000 2.7
6.67885 84.78 1000 2.2
6.67885 89.86 1000 1.6
