# 22 Mar 2012 12:21:43 PM Photodiode thickness: 300 micron; gain: 0.5; Beam size: 0.360000 , 0.194000 mm; Spear current: 349.3562479 Integration time: 1
# Energy(keV) Flux(ph/s) Current(mA) i2 shutter closed(V) i2 shutter open(V)
6.690 1.369e+12 0.404952    1.16     1.15 1.775e+11 0.052512    0.15     0.15
7.206 2.074e+12 0.659856    1.22     1.22 2.526e+11 0.0803555    0.15     0.15
7.721 2.725e+12 0.924721    1.21     1.17 3.187e+11 0.1081565    0.14     0.14
8.237 3.232e+12 1.159403    1.09     1.05 3.526e+11 0.126498    0.12     0.12
8.752 3.522e+12 1.322355    0.92     0.89 3.670e+11 0.1377765    0.10     0.09
9.268 3.604e+12 1.4010545    0.84     0.72 3.940e+11 0.153181    0.09     0.08
9.783 3.493e+12 1.391435    0.62     0.57 3.532e+11 0.140662    0.06     0.06
10.299 3.744e+12 1.5124515    0.71     0.51 3.819e+11 0.1543065    0.07     0.05
10.814 3.590e+12 1.4578785    0.62     0.42 3.564e+11 0.14472    0.06     0.04
11.329 3.383e+12 1.369554    0.51     0.34 3.350e+11 0.1356225    0.05     0.03
11.845 3.095e+12 1.240753    0.57     0.27 3.060e+11 0.122647    0.06     0.03
12.360 2.773e+12 1.093816    0.51     0.22 2.765e+11 0.1090905    0.05     0.02
12.876 2.451e+12 0.946822    0.45     0.17 2.453e+11 0.094773    0.05     0.02
13.391 2.770e+12 1.0436515    0.51     0.17 2.728e+11 0.1027755    0.05     0.02
13.907 2.329e+12 0.8528765    0.49     0.14 2.481e+11 0.0908455    0.05     0.02
14.423 2.055e+12 0.7294075    0.47     0.12 2.268e+11 0.08049    0.06     0.01
14.938 1.783e+12 0.611938    0.46     0.10 2.090e+11 0.071741    0.06     0.01
15.454 1.763e+12 0.584497    0.50     0.10 2.198e+11 0.0728455    0.07     0.01
15.969 1.540e+12 0.4922625    0.50     0.08 2.170e+11 0.0693675    0.07     0.01
16.485 1.298e+12 0.3998745    0.46     0.07 1.995e+11 0.061443    0.07     0.01
17.000 1.038e+12 0.307714    0.41     0.06 1.787e+11 0.0530035    0.07     0.01
 
#The flux was measured through this aperture (hor, ver in mm)
flux_aperture
