# 14 Mar 2012 09:05:24 AM Photodiode thickness: 300 micron; gain: 0.5; Beam size: 0.360000 , 0.194000 mm; Spear current: 349.8475063 Integration time: 1 collimator_size: 0.010 0.010
# Energy(keV) Flux(ph/s) Current(mA) i2 shutter closed(V) i2 shutter open(V)
6.690 6.418e+10 0.018991    1.78     1.77 9.104e+09 0.002694    0.23     0.23
7.206 1.263e+11 0.0401795    1.71     1.70 1.630e+10 0.005186    0.21     0.21
7.721 1.891e+11 0.064187    1.55     1.50 2.441e+10 0.0082825    0.18     0.18
8.237 1.715e+11 0.061531    1.28     1.24 1.901e+10 0.006819    0.14     0.14
8.752 2.228e+11 0.08365    1.02     0.99 2.493e+10 0.0093615    0.11     0.10
9.268 2.479e+11 0.0963725    0.86     0.76 2.858e+10 0.0111115    0.09     0.08
9.783 3.164e+11 0.1260255    0.63     0.59 3.245e+10 0.0129265    0.06     0.06
10.299 3.441e+11 0.13902    0.63     0.47 3.572e+10 0.0144315    0.06     0.05
10.814 3.551e+11 0.1441975    0.53     0.37 3.601e+10 0.0146235    0.05     0.04
11.329 3.513e+11 0.142217    0.44     0.31 3.550e+10 0.014372    0.04     0.03
11.845 3.614e+11 0.1448535    0.46     0.24 3.639e+10 0.0145865    0.05     0.02
12.360 2.160e+11 0.085187    0.40     0.19 2.265e+10 0.008935    0.04     0.02
12.876 2.157e+11 0.0833295    0.35     0.15 2.130e+10 0.008228    0.04     0.02
13.391 2.429e+11 0.0914885    0.38     0.15 2.413e+10 0.009089    0.04     0.02
13.907 1.957e+11 0.071644    0.36     0.13 1.953e+10 0.0071525    0.04     0.01
14.423 1.679e+11 0.059605    0.33     0.11 1.861e+10 0.0066035    0.04     0.01
14.938 1.502e+11 0.0515485    0.32     0.09 1.768e+10 0.0060685    0.04     0.01
15.454 1.445e+11 0.0478935    0.35     0.09 1.754e+10 0.005815    0.05     0.01
15.969 1.294e+11 0.04135    0.33     0.07 1.818e+10 0.005812    0.05     0.01
16.485 1.116e+11 0.03436    0.31     0.06 1.741e+10 0.0053615    0.05     0.01
17.000 9.474e+10 0.028093    0.27     0.05 1.606e+10 0.004762    0.05     0.01
 
#The flux was measured through this aperture (hor, ver in mm)
flux_aperture
