#
# Data base for PV controllers.
#
# SN 441 1/12/01
#
#2929 master  1.0135  3.4459 205 199 2857 2048 2802 2048 2844 2048 2828 2048
#2085 slave   0.9554 -0.7643 224 202 2773 2048 2755 2048 2768 2048 2801 2048
#2931 slave   0.9554 -1.7197 224 205 2799 2048 2800 2048 2790 2048 2791 2048
#3267 slave   0.9554 -2.5796 225 204 2842 2048 2806 2048 2846 2048 2810 2048
#
2929 master  1.0135  3.4459 205 199 2855 2048 2802 2048 2842 2048 2828 2048
2085 slave   0.9554 -0.7643 224 202 2747 2048 2761 2048 2769 2048 2808 2048
2931 slave   0.9554 -1.7197 224 205 2801 2048 2788 2048 2794 2048 2791 2048
3267 slave   0.9554 -2.5796 225 204 2838 2048 2808 2048 2842 2048 2811 2048
#
# CE Mark 1/19/01
#
#2803 master 0.9901 -1.5842 210 200 2762 2048 2757 2048 2791 2048 2774 2048
#2928 slave  0.9852 -0.4926 209 200 2799 2048 2787 2048 2798 2048 2783 2048
#2951 slave  1.0025  0.1003 208 200 2769 2048 2753 2048 2777 2048 2776 2048
#2952 slave  1.0230  5.0128 209 198 2708 2048 2750 2048 2811 2048 2787 2048
#
# sn442 2/23/01
#
3271 master 1.0000  0.0000 221 202 2798 2048 2804 2048 2791 2048 2810 2048
2950 slave  1.0000  0.0000 208 202 2768 2048 2793 2048 2788 2048 2813 2048
3258 slave  1.0000  0.0000 208 198 2797 2048 2808 2048 2802 2048 2812 2048
3259 slave  1.0000  0.0000 207 198 2789 2048 2781 2048 2790 2048 2808 2048
#
# sn443 3/21/01
#
3265 master 0.9978 -0.7982 209 199 2812 2048 2795 2048 2806 2048 2814 2048
3261 slave  0.9890 -2.7692 209 198 2816 2048 2803 2048 2813 2048 2796 2048
3021 slave  0.9825 -1.2773 208 201 2783 2048 2757 2048 2787 2048 2780 2048
3257 slave  1.0393  0.5196 208 199 2794 2048 2752 2048 2819 2048 2804 2048
#
# old entries without temp tweaks.
#
#3265 master 1.0000  0.0000 209 199 2812 2048 2795 2048 2806 2048 2814 2048
#3261 slave  1.0000  0.0000 209 198 2816 2048 2803 2048 2813 2048 2796 2048
#3021 slave  1.0000  0.0000 208 201 2783 2048 2757 2048 2787 2048 2780 2048
#3257 slave  1.0000  0.0000 208 199 2794 2048 2752 2048 2819 2048 2804 2048
#
#	908 -- SSRL BEAMLINE ??? Q315
#
#	4633 4634 4631 
#	4645 4642 4649
#	4644 4643 4630 
#
4633 slave  0.9972  0.9687 209 199 2836 2048 2791 2048 2821 2048 2770 2048
4634 slave  0.9972 -2.5214 210 199 2771 2048 2774 2048 2739 2048 2798 2048
4631 master 1.0029 -1.6762 207 200 2789 2048 2797 2048 2776 2048 2795 2048
4645 slave  0.9915 -2.1671 210 200 2793 2048 2786 2048 2787 2048 2769 2048
4642 slave  0.9972  0.0712 210 198 2761 2048 2772 2048 2778 2048 2793 2048
4649 slave  0.9943 -2.3438 209 199 2770 2048 2791 2048 2768 2048 2776 2048
4644 slave  0.9972  0.2707 208 200 2760 2048 2790 2048 2759 2048 2776 2048
4643 slave  1.0029  0.4298 209 200 2802 2048 2801 2048 2804 2048 2787 2048
4630 slave  0.9887 -0.5085 208 202 2750 2048 2753 2048 2787 2048 2770 2048
# other misc
#