CALIBRATION EDGE DATA

# Fe (haver) first inflection point= 7111.7 eV / theory= 7112.0 eV (+0.3)
# Co (haver) first inflection point= 7709.1 eV / theory= 7708.9 eV (-0.2)
# Ni (haver) first inflection point= 8331.4 eV / theory= 8332.8 eV (+1.4)
# Cu (Cu)    first inflection point= 8979.0 eV / theory= 8978.9 eV (+0.1)
# Se (Se/BN) first inflection point=12658.3 eV / theory=12657.8 eV (-0.5)

Fe K
  6960.2167    0.5078
  6961.2165    0.5074
  6962.2163    0.5065
  6963.2160    0.5070
  6964.2158    0.5051
  6965.2156    0.5066
  6966.2153    0.5066
  6967.2151    0.5066
  6968.2148    0.5058
  6969.2146    0.5040
  6970.2144    0.5036
  6971.2141    0.5052
  6972.2139    0.5043
  6973.2137    0.5036
  6974.2134    0.5037
  6975.2132    0.5038
  6976.2130    0.5040
  6977.2127    0.5034
  6978.2125    0.5028
  6979.2123    0.5026
  6980.2120    0.4989
  6981.2118    0.4969
  6982.2116    0.4970
  6983.2113    0.4972
  6984.2111    0.4962
  6985.2108    0.4979
  6986.2106    0.4963
  6987.2104    0.4955
  6988.2101    0.4964
  6989.2099    0.4955
  6990.2097    0.4939
  6991.2094    0.4946
  6992.2092    0.4947
  6993.2090    0.4940
  6994.2087    0.4949
  6995.2085    0.4932
  6996.2083    0.4929
  6997.2080    0.4927
  6998.2078    0.4942
  6999.2075    0.4929
  7000.2073    0.4924
  7001.2071    0.4932
  7002.2068    0.4929
  7003.2066    0.4916
  7004.2064    0.4936
  7005.2061    0.4916
  7006.2059    0.4918
  7007.2057    0.4909
  7008.2054    0.4892
  7009.2052    0.4908
  7010.2049    0.4903
  7011.2047    0.4891
  7012.2045    0.4919
  7013.2042    0.4936
  7014.2040    0.4920
  7015.2038    0.4923
  7016.2035    0.4912
  7017.2033    0.4917
  7018.2030    0.4903
  7019.2028    0.4888
  7020.2026    0.4891
  7021.2023    0.4892
  7022.2021    0.4896
  7023.2019    0.4881
  7024.2016    0.4905
  7025.2014    0.4894
  7026.2012    0.4900
  7027.2009    0.4895
  7028.2007    0.4896
  7029.2004    0.4894
  7030.2002    0.4886
  7031.2000    0.4875
  7032.1997    0.4884
  7033.1995    0.4880
  7034.1993    0.4874
  7035.1990    0.4858
  7036.1988    0.4870
  7037.1985    0.4875
  7038.1983    0.4868
  7039.1981    0.4870
  7040.1978    0.4873
  7041.1976    0.4858
  7042.1974    0.4857
  7043.1971    0.4862
  7044.1969    0.4853
  7045.1966    0.4851
  7046.1964    0.4839
  7047.1962    0.4842
  7048.1959    0.4846
  7049.1957    0.4843
  7050.1955    0.4841
  7051.1952    0.4846
  7052.1950    0.4836
  7053.1947    0.4838
  7054.1945    0.4844
  7055.1943    0.4815
  7056.1940    0.4831
  7057.1938    0.4825
  7058.1935    0.4825
  7059.1933    0.4830
  7060.1931    0.4829
  7061.1928    0.4830
  7062.1926    0.4826
  7063.1924    0.4823
  7064.1921    0.4827
  7065.1919    0.4813
  7066.1916    0.4864
  7067.1914    0.4852
  7068.1912    0.4838
  7069.1909    0.4839
  7070.1907    0.4826
  7071.1904    0.4823
  7072.1902    0.4823
  7073.1900    0.4829
  7074.1897    0.4825
  7075.1895    0.4817
  7076.1893    0.4840
  7077.1890    0.4838
  7078.1888    0.4839
  7079.1885    0.4886
  7080.1883    0.4840
  7081.1881    0.4839
  7082.1878    0.4827
  7083.1876    0.4842
  7084.1873    0.4847
  7085.1871    0.4822
  7086.1869    0.4833
  7087.1866    0.4832
  7088.1864    0.4841
  7089.1861    0.4847
  7090.1859    0.4829
  7091.1857    0.4844
  7092.1854    0.4835
  7093.1852    0.4821
  7094.1850    0.4817
  7095.1847    0.4824
  7096.1845    0.4821
  7097.1842    0.4824
  7098.1840    0.4826
  7099.1838    0.4813
  7100.1835    0.4832
  7101.1833    0.4827
  7102.1830    0.4821
  7103.1828    0.4821
  7104.1826    0.4837
  7105.1823    0.4824
  7106.1821    0.4840
  7107.1818    0.4861
  7108.1816    0.4876
  7109.1814    0.4900
  7110.1811    0.4958
  7111.1809    0.5148
  7112.1806    0.5520
  7113.1804    0.5778
  7114.1802    0.5993
  7115.1799    0.6127
  7116.1797    0.6203
  7117.1794    0.6233
  7118.1792    0.6299
  7119.1790    0.6426
  7120.1787    0.6620
  7121.1785    0.6789
  7122.1782    0.6989
  7123.1780    0.7219
  7124.1778    0.7431
  7125.1775    0.7681
  7126.1773    0.7913
  7127.1770    0.8060
  7128.1768    0.8118
  7129.1766    0.8123
  7130.1763    0.8106
  7131.1761    0.8089
  7132.1758    0.8092
  7133.1756    0.8146
  7134.1753    0.8216
  7135.1751    0.8300
  7136.1749    0.8317
  7137.1746    0.8268
  7138.1744    0.8260
  7139.1741    0.8221
  7140.1739    0.8129
  7141.1737    0.8141
  7142.1734    0.8175
  7143.1732    0.8116
  7144.1729    0.8098
  7145.1727    0.8079
  7146.1725    0.8052
  7147.1722    0.8080
  7148.1720    0.8068
  7149.1717    0.8063
  7150.1715    0.8099
  7151.1712    0.8134
  7152.1710    0.8176
  7153.1708    0.8212
  7154.1705    0.8291
  7155.1703    0.8354
  7156.1700    0.8404
  7157.1698    0.8453
  7158.1696    0.8484
  7159.1693    0.8507
  7160.1691    0.8500
  7161.1688    0.8495
  7162.1686    0.8464
  7163.1684    0.8416
  7164.1681    0.8359
  7165.1679    0.8305
  7166.1676    0.8229
  7167.1674    0.8175
  7168.1671    0.8129
  7169.1669    0.8071
  7170.1667    0.8024
  7171.1664    0.7998
  7172.1662    0.7974
  7173.1659    0.7954
  7174.1657    0.7935
  7175.1654    0.7919
  7176.1652    0.7907
  7177.1650    0.7911
  7178.1647    0.7892
  7179.1645    0.7876
  7180.1642    0.7865
  7181.1640    0.7852
  7182.1638    0.7860
  7183.1635    0.7854
  7184.1633    0.7847
  7185.1630    0.7842
  7186.1628    0.7876
  7187.1625    0.7893
  7188.1623    0.7894
  7189.1621    0.7917
  7190.1618    0.7936
  7191.1616    0.7954
  7192.1613    0.7967
  7193.1611    0.7983
  7194.1608    0.8004
  7195.1606    0.8021
  7196.1604    0.8047
  7197.1601    0.8076
  7198.1599    0.8091
  7199.1596    0.8111
  7200.1594    0.8127
  7201.1591    0.8153
  7202.1589    0.8189
  7203.1587    0.8212
  7204.1584    0.8241
  7205.1582    0.8265
  7206.1579    0.8282
  7207.1577    0.8289
  7208.1574    0.8298
  7209.1572    0.8303
  7210.1570    0.8286
  7211.1567    0.8273
  7212.1565    0.8235
  7213.1562    0.8229
  7214.1560    0.8199
  7215.1557    0.8187
  7216.1555    0.8166
  7217.1552    0.8157
  7218.1550    0.8121
  7219.1548    0.8091
  7220.1545    0.8071
  7221.1543    0.7998
  7222.1540    0.7987
  7223.1538    0.7948
  7224.1535    0.7936
  7225.1533    0.7899
  7226.1531    0.7858
  7227.1528    0.7824
  7228.1526    0.7778
  7229.1523    0.7753
  7230.1521    0.7731
  7231.1518    0.7685
  7232.1516    0.7671
  7233.1513    0.7641
  7234.1511    0.7625
  7235.1509    0.7635
  7236.1506    0.7624
  7237.1504    0.7604
  7238.1501    0.7606
  7239.1499    0.7637
  7240.1496    0.7695
  7241.1494    0.7699
  7242.1491    0.7665
  7243.1489    0.7655
  7244.1487    0.7653
  7245.1484    0.7677
  7246.1482    0.7679
  7247.1479    0.7675
  7248.1477    0.7700
  7249.1474    0.7695
  7250.1472    0.7683
  7251.1469    0.7680
  7252.1467    0.7667
  7253.1465    0.7665
  7254.1462    0.7672
  7255.1460    0.7662
  7256.1457    0.7672
  7257.1455    0.7674
  7258.1452    0.7690
  7259.1450    0.7711
  7260.1447    0.7722

Co K
  7559.0700    0.6858
  7560.0697    0.6856
  7561.0695    0.6851
  7562.0692    0.6854
  7563.0690    0.6854
  7564.0687    0.6840
  7565.0685    0.6827
  7566.0682    0.6836
  7567.0679    0.6844
  7568.0677    0.6832
  7569.0674    0.6836
  7570.0672    0.6825
  7571.0669    0.6818
  7572.0667    0.6815
  7573.0664    0.6809
  7574.0662    0.6806
  7575.0659    0.6812
  7576.0656    0.6803
  7577.0654    0.6808
  7578.0651    0.6808
  7579.0649    0.6794
  7580.0646    0.6804
  7581.0644    0.6812
  7582.0641    0.6779
  7583.0639    0.6795
  7584.0636    0.6790
  7585.0633    0.6786
  7586.0631    0.6788
  7587.0628    0.6779
  7588.0626    0.6770
  7589.0623    0.6778
  7590.0621    0.6766
  7591.0618    0.6768
  7592.0616    0.6764
  7593.0613    0.6766
  7594.0610    0.6768
  7595.0608    0.6765
  7596.0605    0.6769
  7597.0603    0.6759
  7598.0600    0.6773
  7599.0598    0.6770
  7600.0595    0.6756
  7601.0592    0.6744
  7602.0590    0.6785
  7603.0587    0.6756
  7604.0585    0.6747
  7605.0582    0.6738
  7606.0580    0.6752
  7607.0577    0.6739
  7608.0575    0.6734
  7609.0572    0.6725
  7610.0569    0.6721
  7611.0567    0.6722
  7612.0564    0.6719
  7613.0562    0.6715
  7614.0559    0.6718
  7615.0557    0.6726
  7616.0554    0.6720
  7617.0551    0.6720
  7618.0549    0.6704
  7619.0546    0.6707
  7620.0544    0.6708
  7621.0541    0.6694
  7622.0539    0.6706
  7623.0536    0.6689
  7624.0533    0.6695
  7625.0531    0.6687
  7626.0528    0.6690
  7627.0526    0.6675
  7628.0523    0.6679
  7629.0521    0.6676
  7630.0518    0.6665
  7631.0515    0.6658
  7632.0513    0.6687
  7633.0510    0.6663
  7634.0508    0.6652
  7635.0505    0.6664
  7636.0502    0.6657
  7637.0500    0.6654
  7638.0497    0.6660
  7639.0495    0.6646
  7640.0492    0.6646
  7641.0490    0.6646
  7642.0487    0.6667
  7643.0484    0.6676
  7644.0482    0.6648
  7645.0479    0.6649
  7646.0477    0.6660
  7647.0474    0.6661
  7648.0472    0.6653
  7649.0469    0.6641
  7650.0466    0.6643
  7651.0464    0.6632
  7652.0461    0.6641
  7653.0459    0.6649
  7654.0456    0.6650
  7655.0453    0.6632
  7656.0451    0.6640
  7657.0448    0.6630
  7658.0446    0.6627
  7659.0443    0.6637
  7660.0441    0.6632
  7661.0438    0.6624
  7662.0435    0.6635
  7663.0433    0.6628
  7664.0430    0.6628
  7665.0428    0.6624
  7666.0425    0.6618
  7667.0422    0.6616
  7668.0420    0.6617
  7669.0417    0.6615
  7670.0415    0.6606
  7671.0412    0.6600
  7672.0410    0.6605
  7673.0407    0.6601
  7674.0404    0.6590
  7675.0402    0.6542
  7676.0399    0.6542
  7677.0397    0.6543
  7678.0394    0.6533
  7679.0391    0.6534
  7680.0389    0.6532
  7681.0386    0.6534
  7682.0384    0.6531
  7683.0381    0.6530
  7684.0378    0.6509
  7685.0376    0.6517
  7686.0373    0.6524
  7687.0371    0.6516
  7688.0368    0.6509
  7689.0365    0.6528
  7690.0363    0.6519
  7691.0360    0.6496
  7692.0358    0.6494
  7693.0355    0.6524
  7694.0353    0.6511
  7695.0350    0.6485
  7696.0347    0.6549
  7697.0345    0.6652
  7698.0342    0.6565
  7699.0340    0.6533
  7700.0337    0.6526
  7701.0334    0.6540
  7702.0332    0.6560
  7703.0329    0.6564
  7704.0327    0.6579
  7705.0324    0.6623
  7706.0321    0.6667
  7707.0319    0.6771
  7708.0316    0.7030
  7709.0314    0.7650
  7710.0311    0.8268
  7711.0308    0.8768
  7712.0306    0.9160
  7713.0303    0.9398
  7714.0301    0.9511
  7715.0298    0.9629
  7716.0295    0.9885
  7717.0293    1.0242
  7718.0290    1.0634
  7719.0287    1.1043
  7720.0285    1.1504
  7721.0282    1.2018
  7722.0280    1.2568
  7723.0277    1.3119
  7724.0274    1.3478
  7725.0272    1.3694
  7726.0269    1.3713
  7727.0267    1.3725
  7728.0264    1.3672
  7729.0261    1.3706
  7730.0259    1.3830
  7731.0256    1.3904
  7732.0254    1.4041
  7733.0251    1.4125
  7734.0248    1.4063
  7735.0246    1.3919
  7736.0243    1.3797
  7737.0241    1.3736
  7738.0238    1.3700
  7739.0235    1.3674
  7740.0233    1.3627
  7741.0230    1.3613
  7742.0228    1.3575
  7743.0225    1.3590
  7744.0222    1.3574
  7745.0220    1.3592
  7746.0217    1.3626
  7747.0214    1.3683
  7748.0212    1.3778
  7749.0209    1.3902
  7750.0207    1.4032
  7751.0204    1.4145
  7752.0201    1.4289
  7753.0199    1.4427
  7754.0196    1.4572
  7755.0194    1.4643
  7756.0191    1.4695
  7757.0188    1.4714
  7758.0186    1.4657
  7759.0183    1.4586
  7760.0180    1.4496
  7761.0178    1.4367
  7762.0175    1.4244
  7763.0173    1.4123
  7764.0170    1.3996
  7765.0167    1.3873
  7766.0165    1.3762
  7767.0162    1.3706
  7768.0159    1.3615
  7769.0157    1.3568
  7770.0154    1.3545
  7771.0152    1.3503
  7772.0149    1.3466
  7773.0146    1.3422
  7774.0144    1.3415
  7775.0141    1.3390
  7776.0139    1.3376
  7777.0136    1.3349
  7778.0133    1.3341
  7779.0131    1.3341
  7780.0128    1.3353
  7781.0125    1.3360
  7782.0123    1.3381
  7783.0120    1.3401
  7784.0118    1.3418
  7785.0115    1.3477
  7786.0112    1.3664
  7787.0110    1.3509
  7788.0107    1.3756
  7789.0104    1.3766
  7790.0102    1.3672
  7791.0099    1.3751
  7792.0096    1.3786
  7793.0094    1.3843
  7794.0091    1.3923
  7795.0089    1.3980
  7796.0086    1.4051
  7797.0083    1.4126
  7798.0081    1.4221
  7799.0078    1.4305
  7800.0075    1.4380
  7801.0073    1.4453
  7802.0070    1.4503
  7803.0068    1.4523
  7804.0065    1.4556
  7805.0062    1.4563
  7806.0060    1.4568
  7807.0057    1.4520
  7808.0054    1.4515
  7809.0052    1.4462
  7810.0049    1.4394
  7811.0046    1.4339
  7812.0044    1.4266
  7813.0041    1.4211
  7814.0039    1.4127
  7815.0036    1.4054
  7816.0033    1.3983
  7817.0031    1.3922
  7818.0028    1.3880
  7819.0025    1.3792
  7820.0023    1.3747
  7821.0020    1.3699
  7822.0017    1.3657
  7823.0015    1.3589
  7824.0012    1.3506
  7825.0010    1.3445
  7826.0007    1.3386
  7827.0004    1.3302
  7828.0002    1.3251
  7828.9999    1.3226
  7829.9996    1.3191
  7830.9994    1.3190
  7831.9991    1.3196
  7832.9988    1.3174
  7833.9986    1.3201
  7834.9983    1.3259
  7835.9980    1.3228
  7836.9978    1.3241
  7837.9975    1.3275
  7838.9973    1.3293
  7839.9970    1.3325
  7840.9967    1.3352
  7841.9965    1.3377
  7842.9962    1.3396
  7843.9959    1.3400
  7844.9957    1.3432
  7845.9954    1.3439
  7846.9951    1.3442
  7847.9949    1.3438
  7848.9946    1.3455
  7849.9943    1.3444
  7850.9941    1.3423
  7851.9938    1.3420
  7852.9935    1.3431
  7853.9933    1.3460
  7854.9930    1.3473
  7855.9928    1.3509
  7856.9925    1.3546
  7857.9922    1.3582
  7858.9920    1.3654

Ni K
  8180.9048    1.4888
  8181.9046    1.4888
  8182.9043    1.4881
  8183.9040    1.4886
  8184.9037    1.4884
  8185.9035    1.4896
  8186.9032    1.4875
  8187.9029    1.4877
  8188.9026    1.4894
  8189.9024    1.4873
  8190.9021    1.4836
  8191.9018    1.4860
  8192.9015    1.4858
  8193.9012    1.4847
  8194.9010    1.4850
  8195.9007    1.4847
  8196.9004    1.4835
  8197.9001    1.4821
  8198.8999    1.4856
  8199.8996    1.4833
  8200.8993    1.4842
  8201.8990    1.4835
  8202.8988    1.4841
  8203.8985    1.4809
  8204.8982    1.4833
  8205.8979    1.4820
  8206.8977    1.4828
  8207.8974    1.4793
  8208.8971    1.4812
  8209.8968    1.4829
  8210.8965    1.4787
  8211.8963    1.4814
  8212.8960    1.4796
  8213.8957    1.4803
  8214.8954    1.4796
  8215.8952    1.4782
  8216.8949    1.4790
  8217.8946    1.4786
  8218.8943    1.4788
  8219.8940    1.4768
  8220.8938    1.4781
  8221.8935    1.4786
  8222.8932    1.4770
  8223.8929    1.4773
  8224.8927    1.4754
  8225.8924    1.4773
  8226.8921    1.4761
  8227.8918    1.4743
  8228.8916    1.4760
  8229.8913    1.4771
  8230.8910    1.4756
  8231.8907    1.4743
  8232.8904    1.4751
  8233.8902    1.4756
  8234.8899    1.4738
  8235.8896    1.4734
  8236.8893    1.4747
  8237.8891    1.4743
  8238.8888    1.4746
  8239.8885    1.4758
  8240.8882    1.4769
  8241.8879    1.4741
  8242.8877    1.4743
  8243.8874    1.4752
  8244.8871    1.4749
  8245.8868    1.4742
  8246.8866    1.4740
  8247.8863    1.4755
  8248.8860    1.4756
  8249.8857    1.4750
  8250.8854    1.4739
  8251.8852    1.4757
  8252.8849    1.4757
  8253.8846    1.4747
  8254.8843    1.4732
  8255.8840    1.4721
  8256.8838    1.4737
  8257.8835    1.4743
  8258.8832    1.4727
  8259.8829    1.4712
  8260.8827    1.4703
  8261.8824    1.4723
  8262.8821    1.4715
  8263.8818    1.4723
  8264.8815    1.4691
  8265.8813    1.4688
  8266.8810    1.4700
  8267.8807    1.4694
  8268.8804    1.4694
  8269.8801    1.4687
  8270.8799    1.4690
  8271.8796    1.4666
  8272.8793    1.4691
  8273.8790    1.4684
  8274.8787    1.4657
  8275.8785    1.4667
  8276.8782    1.4659
  8277.8779    1.4669
  8278.8776    1.4671
  8279.8774    1.4655
  8280.8771    1.4669
  8281.8768    1.4665
  8282.8765    1.4667
  8283.8762    1.4687
  8284.8760    1.4658
  8285.8757    1.4660
  8286.8754    1.4666
  8287.8751    1.4631
  8288.8748    1.4664
  8289.8746    1.4641
  8290.8743    1.4635
  8291.8740    1.4644
  8292.8737    1.4635
  8293.8734    1.4619
  8294.8732    1.4608
  8295.8729    1.4609
  8296.8726    1.4595
  8297.8723    1.4593
  8298.8720    1.4582
  8299.8718    1.4583
  8300.8715    1.4596
  8301.8712    1.4649
  8302.8709    1.4635
  8303.8706    1.4592
  8304.8704    1.4625
  8305.8701    1.4834
  8306.8698    1.4656
  8307.8695    1.4416
  8308.8692    1.4371
  8309.8690    1.4349
  8310.8687    1.4378
  8311.8684    1.4675
  8312.8681    1.4920
  8313.8678    1.4686
  8314.8676    1.4580
  8315.8673    1.4562
  8316.8670    1.4549
  8317.8667    1.4544
  8318.8664    1.4540
  8319.8662    1.4526
  8320.8659    1.4507
  8321.8656    1.4527
  8322.8653    1.4523
  8323.8650    1.4526
  8324.8647    1.4514
  8325.8645    1.4509
  8326.8642    1.4482
  8327.8639    1.4504
  8328.8636    1.4507
  8329.8633    1.4587
  8330.8631    1.4694
  8331.8628    1.4873
  8332.8625    1.5038
  8333.8622    1.5160
  8334.8619    1.5203
  8335.8617    1.5265
  8336.8614    1.5312
  8337.8611    1.5404
  8338.8608    1.5512
  8339.8605    1.5599
  8340.8603    1.5714
  8341.8600    1.5814
  8342.8597    1.5978
  8343.8594    1.6141
  8344.8591    1.6277
  8345.8588    1.6358
  8346.8586    1.6435
  8347.8583    1.6461
  8348.8580    1.6461
  8349.8577    1.6439
  8350.8574    1.6420
  8351.8572    1.6448
  8352.8569    1.6495
  8353.8566    1.6521
  8354.8563    1.6522
  8355.8560    1.6503
  8356.8557    1.6509
  8357.8555    1.6476
  8358.8552    1.6477
  8359.8549    1.6429
  8360.8546    1.6427
  8361.8543    1.6409
  8362.8541    1.6406
  8363.8538    1.6409
  8364.8535    1.6401
  8365.8532    1.6412
  8366.8529    1.6400
  8367.8526    1.6404
  8368.8524    1.6428
  8369.8521    1.6442
  8370.8518    1.6482
  8371.8515    1.6520
  8372.8512    1.6556
  8373.8509    1.6596
  8374.8507    1.6627
  8375.8504    1.6672
  8376.8501    1.6701
  8377.8498    1.6676
  8378.8495    1.6702
  8379.8493    1.6698
  8380.8490    1.6669
  8381.8487    1.6631
  8382.8484    1.6571
  8383.8481    1.6553
  8384.8478    1.6509
  8385.8476    1.6486
  8386.8473    1.6471
  8387.8470    1.6425
  8388.8467    1.6392
  8389.8464    1.6337
  8390.8461    1.6359
  8391.8459    1.6312
  8392.8456    1.6316
  8393.8453    1.6299
  8394.8450    1.6324
  8395.8447    1.6325
  8396.8444    1.6319
  8397.8442    1.6286
  8398.8439    1.6289
  8399.8436    1.6294
  8400.8433    1.6285
  8401.8430    1.6272
  8402.8427    1.6271
  8403.8425    1.6283
  8404.8422    1.6307
  8405.8419    1.6314
  8406.8416    1.6311
  8407.8413    1.6347
  8408.8410    1.6368
  8409.8408    1.6353
  8410.8405    1.6374
  8411.8402    1.6416
  8412.8399    1.6433
  8413.8396    1.6443
  8414.8393    1.6443
  8415.8391    1.6439
  8416.8388    1.6460
  8417.8385    1.6487
  8418.8382    1.6479
  8419.8379    1.6487
  8420.8376    1.6506
  8421.8373    1.6519
  8422.8371    1.6544
  8423.8368    1.6549
  8424.8365    1.6588
  8425.8362    1.6570
  8426.8359    1.6592
  8427.8356    1.6591
  8428.8354    1.6567
  8429.8351    1.6549
  8430.8348    1.6536
  8431.8345    1.6515
  8432.8342    1.6503
  8433.8339    1.6481
  8434.8337    1.6470
  8435.8334    1.6445
  8436.8331    1.6441
  8437.8328    1.6419
  8438.8325    1.6396
  8439.8322    1.6353
  8440.8319    1.6366
  8441.8317    1.6349
  8442.8314    1.6348
  8443.8311    1.6317
  8444.8308    1.6311
  8445.8305    1.6279
  8446.8302    1.6269
  8447.8300    1.6235
  8448.8297    1.6218
  8449.8294    1.6196
  8450.8291    1.6202
  8451.8288    1.6186
  8452.8285    1.6156
  8453.8282    1.6158
  8454.8280    1.6141
  8455.8277    1.6164
  8456.8274    1.6155
  8457.8271    1.6122
  8458.8268    1.6149
  8459.8265    1.6133
  8460.8262    1.6156
  8461.8260    1.6175
  8462.8257    1.6152
  8463.8254    1.6162
  8464.8251    1.6149
  8465.8248    1.6171
  8466.8245    1.6151
  8467.8242    1.6177
  8468.8240    1.6148
  8469.8237    1.6153
  8470.8234    1.6184
  8471.8231    1.6168
  8472.8228    1.6150
  8473.8225    1.6166
  8474.8222    1.6156
  8475.8220    1.6167
  8476.8217    1.6153
  8477.8214    1.6196
  8478.8211    1.6188
  8479.8208    1.6196
  8480.8205    1.6193

Cu K
  8828.7189    0.5925
  8829.7186    0.5912
  8830.7183    0.5913
  8831.7180    0.5934
  8832.7177    0.5976
  8833.7174    0.5788
  8834.7171    0.6035
  8835.7168    0.5965
  8836.7166    0.5914
  8837.7163    0.5913
  8838.7160    0.5902
  8839.7157    0.5909
  8840.7154    0.5912
  8841.7151    0.5908
  8842.7148    0.5904
  8843.7145    0.5896
  8844.7142    0.5897
  8845.7139    0.5892
  8846.7136    0.5916
  8847.7133    0.5897
  8848.7130    0.5904
  8849.7127    0.5908
  8850.7124    0.5891
  8851.7121    0.5899
  8852.7118    0.5909
  8853.7115    0.5907
  8854.7112    0.5906
  8855.7109    0.5908
  8856.7106    0.5910
  8857.7103    0.5908
  8858.7100    0.5909
  8859.7097    0.5907
  8860.7094    0.5908
  8861.7091    0.5882
  8862.7088    0.5892
  8863.7085    0.5901
  8864.7082    0.5897
  8865.7079    0.5891
  8866.7076    0.5894
  8867.7073    0.5909
  8868.7070    0.5906
  8869.7067    0.5901
  8870.7064    0.5887
  8871.7061    0.5891
  8872.7058    0.5895
  8873.7055    0.5893
  8874.7052    0.5885
  8875.7049    0.5893
  8876.7046    0.5877
  8877.7043    0.5895
  8878.7040    0.5881
  8879.7037    0.5877
  8880.7034    0.5882
  8881.7031    0.5890
  8882.7028    0.5887
  8883.7025    0.5886
  8884.7022    0.5887
  8885.7019    0.5879
  8886.7016    0.5879
  8887.7013    0.5880
  8888.7010    0.5884
  8889.7007    0.5892
  8890.7004    0.5877
  8891.7001    0.5884
  8892.6998    0.5868
  8893.6995    0.5869
  8894.6992    0.5860
  8895.6989    0.5860
  8896.6986    0.5868
  8897.6983    0.5861
  8898.6980    0.5857
  8899.6977    0.5864
  8900.6974    0.5863
  8901.6971    0.5852
  8902.6968    0.5858
  8903.6965    0.5862
  8904.6962    0.5862
  8905.6959    0.5862
  8906.6956    0.5860
  8907.6953    0.5849
  8908.6950    0.5843
  8909.6947    0.5852
  8910.6944    0.5862
  8911.6941    0.5840
  8912.6938    0.5795
  8913.6935    0.5932
  8914.6932    0.5870
  8915.6929    0.5853
  8916.6926    0.5857
  8917.6923    0.5846
  8918.6920    0.5844
  8919.6917    0.5840
  8920.6914    0.5832
  8921.6911    0.5831
  8922.6908    0.5845
  8923.6905    0.5847
  8924.6902    0.5832
  8925.6899    0.5832
  8926.6896    0.5890
  8927.6893    0.5824
  8928.6890    0.5820
  8929.6887    0.5831
  8930.6884    0.5841
  8931.6881    0.5836
  8932.6878    0.5826
  8933.6875    0.5826
  8934.6872    0.5832
  8935.6869    0.5829
  8936.6866    0.5804
  8937.6863    0.5804
  8938.6860    0.5809
  8939.6857    0.5821
  8940.6854    0.5818
  8941.6851    0.5794
  8942.6848    0.5824
  8943.6845    0.5809
  8944.6842    0.5797
  8945.6839    0.5816
  8946.6836    0.5813
  8947.6833    0.5807
  8948.6830    0.5810
  8949.6827    0.5814
  8950.6824    0.5815
  8951.6820    0.5828
  8952.6817    0.5832
  8953.6814    0.5830
  8954.6811    0.5840
  8955.6808    0.5845
  8956.6805    0.5854
  8957.6802    0.5853
  8958.6799    0.5865
  8959.6796    0.5867
  8960.6793    0.5891
  8961.6790    0.5885
  8962.6787    0.5907
  8963.6784    0.5918
  8964.6781    0.5930
  8965.6778    0.5947
  8966.6775    0.5981
  8967.6772    0.5997
  8968.6769    0.6027
  8969.6766    0.6074
  8970.6763    0.6106
  8971.6760    0.6170
  8972.6757    0.6222
  8973.6754    0.6321
  8974.6751    0.6434
  8975.6748    0.6621
  8976.6745    0.6931
  8977.6742    0.7523
  8978.6739    0.9078
  8979.6736    1.2765
  8980.6733    1.7722
  8981.6730    1.9982
  8982.6727    1.9861
  8983.6724    1.9424
  8984.6721    1.9943
  8985.6718    2.1122
  8986.6715    2.2338
  8987.6712    2.3627
  8988.6709    2.5439
  8989.6706    2.7758
  8990.6702    3.0538
  8991.6699    3.3340
  8992.6696    3.5843
  8993.6693    3.7402
  8994.6690    3.7589
  8995.6687    3.6738
  8996.6684    3.5732
  8997.6681    3.4784
  8998.6678    3.4216
  8999.6675    3.4268
  9000.6672    3.5128
  9001.6669    3.6420
  9002.6666    3.7830
  9003.6663    3.8308
  9004.6660    3.7720
  9005.6657    3.6577
  9006.6654    3.5667
  9007.6651    3.4904
  9008.6648    3.4298
  9009.6645    3.3594
  9010.6642    3.3114
  9011.6639    3.2929
  9012.6636    3.2902
  9013.6633    3.3098
  9014.6630    3.3329
  9015.6627    3.3580
  9016.6624    3.3941
  9017.6620    3.4487
  9018.6617    3.5110
  9019.6614    3.5695
  9020.6611    3.6262
  9021.6608    3.6718
  9022.6605    3.7237
  9023.6602    3.7785
  9024.6599    3.8037
  9025.6596    3.8276
  9026.6593    3.8252
  9027.6590    3.8015
  9028.6587    3.7536
  9029.6584    3.6876
  9030.6581    3.6461
  9031.6578    3.5918
  9032.6575    3.5395
  9033.6572    3.4970
  9034.6569    3.4641
  9035.6566    3.4493
  9036.6563    3.4433
  9037.6560    3.4384
  9038.6557    3.4401
  9039.6553    3.4646
  9040.6550    3.4763
  9041.6547    3.4869
  9042.6544    3.5032
  9043.6541    3.5083
  9044.6538    3.4996
  9045.6535    3.4918
  9046.6532    3.4879
  9047.6529    3.4874
  9048.6526    3.5055
  9049.6523    3.5207
  9050.6520    3.5392
  9051.6517    3.5527
  9052.6514    3.5558
  9053.6511    3.5540
  9054.6508    3.5596
  9055.6505    3.5557
  9056.6502    3.5718
  9057.6499    3.5863
  9058.6495    3.6009
  9059.6492    3.6283
  9060.6489    3.6471
  9061.6486    3.6577
  9062.6483    3.6770
  9063.6480    3.6820
  9064.6477    3.7021
  9065.6474    3.7163
  9066.6471    3.7285
  9067.6468    3.7448
  9068.6465    3.7590
  9069.6462    3.7847
  9070.6459    3.8058
  9071.6456    3.8203
  9072.6453    3.8321
  9073.6450    3.8345
  9074.6447    3.8237
  9075.6444    3.8152
  9076.6440    3.7862
  9077.6437    3.7583
  9078.6434    3.7287
  9079.6431    3.6976
  9080.6428    3.6611
  9081.6425    3.6279
  9082.6422    3.6018
  9083.6419    3.5768
  9084.6416    3.5578
  9085.6413    3.5334
  9086.6410    3.5154
  9087.6407    3.4994
  9088.6404    3.4954
  9089.6401    3.4890
  9090.6398    3.4735
  9091.6394    3.4583
  9092.6391    3.4478
  9093.6388    3.4263
  9094.6385    3.3930
  9095.6382    3.3672
  9096.6379    3.3604
  9097.6376    3.3438
  9098.6373    3.3226
  9099.6370    3.3214
  9100.6367    3.3185
  9101.6364    3.3276
  9102.6361    3.3416
  9103.6358    3.3506
  9104.6355    3.3718
  9105.6352    3.3977
  9106.6348    3.4152
  9107.6345    3.4458
  9108.6342    3.4644
  9109.6339    3.4828
  9110.6336    3.4997
  9111.6333    3.5166
  9112.6330    3.5213
  9113.6327    3.5397
  9114.6324    3.5435
  9115.6321    3.5374
  9116.6318    3.5396
  9117.6315    3.5401
  9118.6312    3.5431
  9119.6308    3.5478
  9120.6305    3.5492
  9121.6302    3.5428
  9122.6299    3.5721
  9123.6296    3.5822
  9124.6293    3.6076
  9125.6290    3.6404
  9126.6287    3.6703
  9127.6284    3.6991
  9128.6281    3.7320

Se K
 12502.3971   -0.8347
 12503.3966   -0.8338
 12504.3962   -0.8346
 12505.3958   -0.8345
 12506.3954   -0.8349
 12507.3950   -0.8345
 12508.3945   -0.8358
 12509.3941   -0.8349
 12510.3937   -0.8360
 12511.3933   -0.8345
 12512.3929   -0.8332
 12513.3924   -0.8338
 12514.3920   -0.8343
 12515.3916   -0.8350
 12516.3912   -0.8358
 12517.3907   -0.8372
 12518.3903   -0.8375
 12519.3899   -0.8369
 12520.3895   -0.8371
 12521.3891   -0.8377
 12522.3886   -0.8373
 12523.3882   -0.8374
 12524.3878   -0.8379
 12525.3874   -0.8374
 12526.3869   -0.8376
 12527.3865   -0.8391
 12528.3861   -0.8383
 12529.3857   -0.8381
 12530.3853   -0.8393
 12531.3848   -0.8379
 12532.3844   -0.8391
 12533.3840   -0.8400
 12534.3836   -0.8401
 12535.3831   -0.8402
 12536.3827   -0.8409
 12537.3823   -0.8425
 12538.3819   -0.8415
 12539.3814   -0.8408
 12540.3810   -0.8417
 12541.3806   -0.8431
 12542.3802   -0.8418
 12543.3798   -0.8433
 12544.3793   -0.8437
 12545.3789   -0.8443
 12546.3785   -0.8442
 12547.3781   -0.8448
 12548.3776   -0.8452
 12549.3772   -0.8456
 12550.3768   -0.8459
 12551.3764   -0.8457
 12552.3759   -0.8467
 12553.3755   -0.8473
 12554.3751   -0.8474
 12555.3747   -0.8469
 12556.3743   -0.8471
 12557.3738   -0.8470
 12558.3734   -0.8487
 12559.3730   -0.8484
 12560.3726   -0.8493
 12561.3721   -0.8489
 12562.3717   -0.8498
 12563.3713   -0.8497
 12564.3709   -0.8488
 12565.3704   -0.8500
 12566.3700   -0.8500
 12567.3696   -0.8506
 12568.3692   -0.8500
 12569.3687   -0.8511
 12570.3683   -0.8512
 12571.3679   -0.8518
 12572.3675   -0.8516
 12573.3671   -0.8513
 12574.3666   -0.8516
 12575.3662   -0.8521
 12576.3658   -0.8521
 12577.3654   -0.8521
 12578.3649   -0.8532
 12579.3645   -0.8532
 12580.3641   -0.8528
 12581.3637   -0.8525
 12582.3632   -0.8531
 12583.3628   -0.8535
 12584.3624   -0.8535
 12585.3620   -0.8527
 12586.3615   -0.8533
 12587.3611   -0.8532
 12588.3607   -0.8540
 12589.3603   -0.8543
 12590.3598   -0.8541
 12591.3594   -0.8541
 12592.3590   -0.8543
 12593.3586   -0.8551
 12594.3581   -0.8555
 12595.3577   -0.8546
 12596.3573   -0.8563
 12597.3569   -0.8561
 12598.3564   -0.8576
 12599.3560   -0.8565
 12600.3556   -0.8570
 12601.3552   -0.8572
 12602.3547   -0.8580
 12603.3543   -0.8577
 12604.3539   -0.8580
 12605.3535   -0.8585
 12606.3530   -0.8586
 12607.3526   -0.8585
 12608.3522   -0.8579
 12609.3518   -0.8587
 12610.3513   -0.8566
 12611.3509   -0.8581
 12612.3505   -0.8577
 12613.3501   -0.8573
 12614.3496   -0.8583
 12615.3492   -0.8571
 12616.3488   -0.8579
 12617.3484   -0.8570
 12618.3479   -0.8574
 12619.3475   -0.8584
 12620.3471   -0.8573
 12621.3467   -0.8568
 12622.3462   -0.8562
 12623.3458   -0.8565
 12624.3454   -0.8559
 12625.3450   -0.8550
 12626.3445   -0.8548
 12627.3441   -0.8547
 12628.3437   -0.8550
 12629.3433   -0.8531
 12630.3428   -0.8541
 12631.3424   -0.8520
 12632.3420   -0.8506
 12633.3416   -0.8507
 12634.3411   -0.8483
 12635.3407   -0.8474
 12636.3403   -0.8471
 12637.3398   -0.8455
 12638.3394   -0.8436
 12639.3390   -0.8413
 12640.3386   -0.8393
 12641.3381   -0.8376
 12642.3377   -0.8341
 12643.3373   -0.8294
 12644.3369   -0.8271
 12645.3364   -0.8227
 12646.3360   -0.8179
 12647.3356   -0.8107
 12648.3352   -0.8026
 12649.3347   -0.7942
 12650.3343   -0.7812
 12651.3339   -0.7658
 12652.3335   -0.7446
 12653.3330   -0.7143
 12654.3326   -0.6711
 12655.3322   -0.5976
 12656.3317   -0.4840
 12657.3313   -0.2832
 12658.3309    0.0801
 12659.3305    0.5595
 12660.3300    0.9523
 12661.3296    0.9102
 12662.3292    0.6126
 12663.3288    0.3478
 12664.3283    0.2017
 12665.3279    0.1926
 12666.3275    0.2407
 12667.3270    0.2959
 12668.3266    0.3306
 12669.3262    0.3379
 12670.3258    0.3384
 12671.3253    0.3386
 12672.3249    0.3437
 12673.3245    0.3446
 12674.3241    0.3450
 12675.3236    0.3367
 12676.3232    0.3246
 12677.3228    0.3136
 12678.3223    0.3048
 12679.3219    0.2989
 12680.3215    0.2948
 12681.3211    0.2921
 12682.3206    0.2924
 12683.3202    0.2922
 12684.3198    0.2931
 12685.3194    0.2915
 12686.3189    0.2939
 12687.3185    0.2946
 12688.3181    0.2929
 12689.3176    0.2928
 12690.3172    0.2929
 12691.3168    0.2921
 12692.3164    0.2928
 12693.3159    0.2927
 12694.3155    0.2942
 12695.3151    0.2938
 12696.3146    0.2966
 12697.3142    0.2966
 12698.3138    0.2989
 12699.3134    0.3036
 12700.3129    0.3019
 12701.3125    0.3017
 12702.3121    0.3009
 12703.3116    0.3011
 12704.3112    0.3002
 12705.3108    0.2952
 12706.3104    0.2918
 12707.3099    0.2872
 12708.3095    0.2823
 12709.3091    0.2799
 12710.3086    0.2747
 12711.3082    0.2736
 12712.3078    0.2707
 12713.3074    0.2709
 12714.3069    0.2692
 12715.3065    0.2697
 12716.3061    0.2694
 12717.3056    0.2707
 12718.3052    0.2674
 12719.3048    0.2712
 12720.3044    0.2697
 12721.3039    0.2705
 12722.3035    0.2682
 12723.3031    0.2686
 12724.3026    0.2678
 12725.3022    0.2695
 12726.3018    0.2669
 12727.3014    0.2667
 12728.3009    0.2681
 12729.3005    0.2689
 12730.3001    0.2682
 12731.2996    0.2680
 12732.2992    0.2695
 12733.2988    0.2673
 12734.2984    0.2696
 12735.2979    0.2699
 12736.2975    0.2705
 12737.2971    0.2738
 12738.2966    0.2730
 12739.2962    0.2724
 12740.2958    0.2725
 12741.2953    0.2733
 12742.2949    0.2708
 12743.2945    0.2727
 12744.2941    0.2724
 12745.2936    0.2696
 12746.2932    0.2685
 12747.2928    0.2694
 12748.2923    0.2675
 12749.2919    0.2671
 12750.2915    0.2668
 12751.2910    0.2653
 12752.2906    0.2615
 12753.2902    0.2619
 12754.2898    0.2610
 12755.2893    0.2587
 12756.2889    0.2558
 12757.2885    0.2552
 12758.2880    0.2526
 12759.2876    0.2523
 12760.2872    0.2510
 12761.2867    0.2485
 12762.2863    0.2497
 12763.2859    0.2493
 12764.2855    0.2473
 12765.2850    0.2484
 12766.2846    0.2474
 12767.2842    0.2494
 12768.2837    0.2479
 12769.2833    0.2473
 12770.2829    0.2464
 12771.2824    0.2480
 12772.2820    0.2479
 12773.2816    0.2485
 12774.2811    0.2478
 12775.2807    0.2491
 12776.2803    0.2463
 12777.2799    0.2474
 12778.2794    0.2470
 12779.2790    0.2499
 12780.2786    0.2497
 12781.2781    0.2478
 12782.2777    0.2505
 12783.2773    0.2497
 12784.2768    0.2525
 12785.2764    0.2522
 12786.2760    0.2520
 12787.2755    0.2525
 12788.2751    0.2548
 12789.2747    0.2546
 12790.2743    0.2551
 12791.2738    0.2551
 12792.2734    0.2568
 12793.2730    0.2579
 12794.2725    0.2578
 12795.2721    0.2596
 12796.2717    0.2610
 12797.2712    0.2607
 12798.2708    0.2602
 12799.2704    0.2630
 12800.2699    0.2627
 12801.2695    0.2609
 12802.2691    0.2622
